1169829500
1141818300
1293070600
1258740100
1235430900
1214381300
1177799300
1143702600
1299702500
1276596000
1248159500
1227046600
1205199900
1183286700
1162322000
1141425300
1295254600
1262500700
1226552800
1202608900
1168682000
1327747600
1117922100
1273128600
1070722600
1220945200
1198811700
1356861500
1141585500
1299800400
1090189800
1250481100
1201684800
1179891300
1157165900
1315492300
1101736400
1260742000
1237019100
1216517000
1195642800
1160173400
1139388000
1116583400
1276074300
1253649100
1234112400
1203130100
1180592800
1158353200
1304495700
1281549300
1254799200
1230822800
1209038100
1184770100
1163424900
1315298100
1280732100
1259189200
1237806400
1216157800
1183087800
1342490100
1137513200
1297312000
1095761600
1255068300
1229869500
1374727600
1167210100
1312204400
1110352900
1268535800
1067150400
1213311500
1190712200
1157974400
1134485200
1292449000
1269918000
1237668900
1209752100
1188191600
1164740400
1141272900
1298475700
1277176700
1254808500
1234233000
1213656500
1189641100
1161314400
1142473800
1284942600
1263355100
1227426400
1204442100
1181685400
1340253400
1132556800
1288758400
1086396100
1231373100
1196705300
1353634100
1136734800
1288048400
1085880400
1246352400
1211478800
1188884700
1161071100
1138224600
1110089500
1255364000
1231745000
1196568600
1160519300
1139213700
1279512700
1246474400
1213383600
1191151200
1167258100
1311284800
1108776100
1256050200
1054545900
1381313400
1166783200
1308122800
1091526500
1235620700
1200821400
1179001200
1157972100
1129273400
1283350400
1263849600
1226029000
1205926000
1179266700
1157396400
1310992300
1289156200
1265424900
1243578900
1209684500
1188569900
1165567600
1324552600
1114130500
1259674700
1058212600
1203004200
1167956100
1316403700
1112003700
1267098800
1243051200
1208092100
1172749400
1136659200
1289485000
1268442900
1238534400
1213135700
1192697900
1171281100
1330524200
1295119000
1268355200
1246771600
1223539500
1367857800
1166386500
1325935700
1110311000
1257931400
1056804000
1201209200
1179346300
1158828900
1134685400
1294262900
1084667200
1232975800
1211844300
1181592800
1145679100
1124210000
1268725900
1237150800
1206255700
1185088200
1149438000
1308557900
1108229500
1267211900
1231414500
1195502800
1172185000
1330949300
1128561800
1273148600
1072252400
1231911700
1196204000
1162584600
1141039900
1105649700
1258709900
1238350400
1217232600
1181292900
1160977500
1128929500
1288170900
1262228800
1225388000
1201475900
1167351200
1310278500
1105745200
1264100700
1062472800
1221038100
1197571400
1175974900
1140821500
1292697000
1258689100
1237471700
1210759100
1176230300
1151129400
1295549500
1274870800
1254230900
1231404300
1201696500
1181472600
1339764300
1139127600
1297363800
1095386100
1252152000
1231082800
1206451400
1186797200
1344439000
1143107800
1287654600
1083597600
1241057600
1208992000
1188732000
1147648000
1294177800
1271462100
1246152800
1223232400
1201197800
1175925500
1155993100
1313525200
1279788600
1257701600
1224949000
1199270100
1349091200
1148575100
1304509200
1089669500
1234727400
1209215100
1173755000
1152405100
1127662100
1272672600
1251140000
1230799500
1193989600
1159483100
1136670000
1292526300
1271702100
1248938800
1212873100
1177707700
1329676700
1125175000
1283891000
1084815100
1242072200
1043119400
1186054700
1164110100
1322639500
1120666500
1273573400
1238732500
1215910500
1179532000
1157803400
1126415900
1266217900
1245576900
1214006600
1191662600
1350776700
1150646300
1307928700
1103946900
1261688700
1057723300
1216753200
1183313100
1338712200
1130462900
1276538100
1072719700
1229867800
1187311800
1166173700
1143741700
1300506000
1265381400
1244980100
1221535700
1193007300
1172338500
1149146500
1126342300
1272744300
1068754400
1221572700
1200438600
1354031400
1153274300
1307835000
1105529000
1252569500
1222972600
1202474800
1177724500
1143369700
1120018000
1278152600
1242190000
1220556400
1198775200
1164771000
1131297600
1289896700
1267838500
1247971700
1226130800
1385817600
1183803300
1342806800
1141741500
1299296400
1097176200
1256473000
1226091800
1203715900
1182644300
1156857100
1134796200
1108869100
1254624800
1223034500
1197740100
1172689000
1324874800
1275140700
1254013600
1234372300
1210411600
1367002000
1164581600
1322788800
1110072800
1266093400
1232152300
1197813500
1176814100
1152933900
1128751600
1278881300
1243719100
1221094200
1198931600
1163616300
1321577900
1299268100
1275662400
1249147900
1227891600
1191670700
1169604900
1325557600
1122276300
1279436900
1249285000
1228127500
1204336400
1181894100
1158947400
1139199200
1298786400
1273270300
1236778200
1214298100
1192731800
1171509700
1314784700
1290802800
1256233800
1218613900
1183862500
1337534000
1137931500
1281981300
1080852800
1240487700
1219522400
1183638500
1156662800
1134497400
1280698100
1245472300
1222671000
1187518100
1153249600
1311719100
1287212100
1252847500
1230535500
1377269900
1175791700
1321451400
1119453200
1276797900
1075740100
1234607500
1213461500
1188153300
1155482800
1120350800
1280142300
1255670000
1234806300
1213802100
1181862700
1320792200
1285295500
1264289200
1239195700
1384673600
1171288700
1329110400
1107630400
1250565600
1229807300
1207521600
1185348200
1149793900
1127231000
1271480300
1251056400
1220572300
1201078900
1177120600
1157872800
1315242800
1292505200
1271648900
1250403700
1229196100
1192587300
1328464300
1118020700
1276291400
1253698200
1231987900
1203841000
1183241300
1161249700
1139472000
1117908400
1095367400
1250700200
1214004900
1186653300
1150624900
1307374000
1284761700
1251923500
1226387900
1204352800
1359505600
1145819000
1302689100
1101058800
1258514000
1225029700
1200912400
1181142200
1145892900
1302892000
1279830300
1257707900
1222952200
1190966000
1168826900
1140643200
1299019400
1273754300
1237725200
1204463900
1361215700
1155001100
1314050000
1108850100
1267582100
1242432700
1208440400
1185588000
1152531300
1129421300
1270920200
1237897600
1213471000
1193711600
1171584700
1151103700
1308326300
1104483700
1253636500
1230694900
1375996500
1173093400
1317633700
1118518500
1275299000
1241413500
1206254600
1184693000
1163167400
1320818400
1297503100
1271054300
1238723800
1201573100
1180510100
1157140800
1315945800
1100251400
1257472000
1054517200
1203605500
1182216500
1341042100
1110704400
1267423600
1247620500
1222899500
1195275800
1159356000
1314343200
1279794500
1257671400
1223379300
1203485800
1182719400
1160344700
1305757800
1104119400
1262706100
1046727700
1200849600
1180027500
1156531500
1120257700
1278631600
1255686800
1220340300
1188548900
1165761900
1144620200
1292216600
1257290200
1231611300
1194263200
1338107300
1124364200
1281547100
1077244500
1233939900
1214649800
1163349200
1141645500
1288198000
1265278100
1228250100
1194873500
1171208900
1152121800
1309854300
1288102200
1264937900
1243916100
1212736600
1190641800
1331142900
1130113200
1275181800
1241837600
1217177900
1194332500
1171983200
1134819100
1112911800
1272555200
1249928000
1218867300
1192868600
1160412100
1318958700
1114006800
1274374700
1238870200
1391182300
1189889400
1349093500
1137272800
1283509900
1081406500
1238457200
1204801000
1170408000
1148737600
1295316700
1273899100
1251876700
1230664500
1209602300
1174068000
1330859700
1131309300
1276997700
1061671900
1219116700
1184062100
1341759600
1141458500
1297947300
1083182100
1240610600
1219943800
1196622500
1160761100
1316809500
1293999000
1273158600
1237969300
1219021600
1197907700
1175760100
1142762700
1294749000
1091874100
1249970900
1048578400
1202855200
1182112600
1161842200
1141630600
1297851800
1263759600
1228684500
1203855300
1181934700
1329603300
1308807800
1274189300
1253677600
1230512100
1209425800
1187952400
1346219700
1143996600
1299789600
1096243600
1254986500
1227556500
1204071800
1170062800
1150048600
1128397200
1285562600
1261384000
1235408400
1214045600
1189793700
1333413200
1312591200
1291323800
1267757500
1248346600
1225532500
1203570400
1361212900
1160954500
1309383000
1106325000
1249550000
1222459800
1187274400
1162373800
1127792600
1285154300
1264471100
1242429600
1212069700
1174764100
1330854900
1296940800
1275694100
1242095500
1219254700
1198217500
1353168100
1139269700
1292916100
1256133300
1235095900
1202718100
1177338500
1146803400
1125518800
1284310900
1264598000
1243474000
1219031500
1195980500
1173505000
1148658600
1293103600
1088638400
1245637200
1225275300
1379000400
1175561100
1323698600
1122958800
1280792500
1258014300
1224541500
1191576000
1167988300
1147363700
1124483400
1281513600
1259572900
1222246800
1200580000
1169490200
1324699300
1111866200
1273166700
1069124700
1215865200
1179876500
1325019200
1124625900
1281573300
1248519200
1227190500
1197152300
1163292100
1322378600
1291260100
1265716700
1232985400
1199630500
1339965100
1138230800
1283688600
1073649900
1231725900
1210366000
1186928200
1165182600
1141264300
1119836800
1265221600
1229511500
1204338100
1183744400
1161376300
1320861700
1299489500
1264384300
1234532200
1210428300
1356995900
1150180500
1308815800
1106978300
1265592100
1063171000
1222404700
1199360300
1164407900
1143976400
1123107200
1282215700
1259595900
1226526800
1204057100
1181961900
1154590100
1104688900
1263966400
1241056700
1218554800
1182797800
1341493300
1135179000
1294820400
1089845400
1248392700
1226614700
1205790300
1181595200
1145398400
1298253300
1274481300
1252692800
1232402800
1197118200
1176061100
1139008900
1282545600
1081432400
1240268300
1219338900
1377602400
1177271300
1333592600
1118467000
1266327200
1240720700
1220439200
1185592400
1150771200
1297975900
1275640300
1247052100
1223782500
1203421800
1181041900
1160088600
1320225400
1119233600
1277510600
1067096800
1223630400
1202563600
1181904500
1156404400
1132334700
1109313500
1263993300
1241121600
1219684700
1182343400
1327152000
1294009900
1269354200
1238668500
1203737900
1184068100
1342512700
1126480800
1285758900
1082505600
1241570100
1216840700
1196494000
1171823200
1136462200
1292068500
1265739700
1243354500
1219092600
1196686700
1174120500
1332045200
1298296500
1264451400
1236955400
1203608900
1360120800
1160310000
1317718000
1115979100
1261084600
1236723400
1215051500
1180499500
1157953700
1136044100
1113825900
1270674800
1251026700
1227364100
1191086000
1160249300
1317473400
1117015500
1275566000
1072560100
1220725900
1198352000
1352548500
1151441200
1304778800
1271323400
1249638300
1224721500
1201215900
1179200600
1156513700
1134913700
1290914600
1269215400
1235562500
1205109300
1182337900
1159330300
1306066400
1103630400
1262519600
1061287700
1206736500
1182289000
1159380600
1134419400
1292229800
1089348600
1247747800
1210961800
1177097000
1155127600
1303767900
1283133500
1262877000
1241902400
1219852200
1196163900
1173001400
1151568400
1296776400
1082703600
1239041000
1216662400
1182312100
1148235500
1123599500
1280238700
1257617800
1236450500
1202081300
1181954100
1325767300
1303123300
1267675400
1234706800
1215489500
1192463500
1349513000
1149196700
1293824600
1090512300
1244257900
1222863600
1198227600
1160755800
1140275800
1293729700
1273796900
1252472700
1229036300
1192186300
1171495600
1136065100
1282475500
1069743700
1225015100
1199169000
1344382300
1141782200
1298645900
1262838800
1228455800
1203694500
1169907100
1146604100
1292184100
1266475800
1247633500
1226297300
1205476300
1180811600
1330195100
1128333800
1286847800
1072421400
1230727900
1204496500
1180740900
1143892400
1123130000
1099180500
1258939300
1221969500
1201099000
1167816100
1322443300
1302744500
1280442100
1258422800
1237023300
1215166500
1178779900
1157233300
1312539400
1110200900
1266368100
1063594000
1208954000
1188030500
1169697400
1145211800
1121174400
1280379700
1258650100
1225572900
1188541000
1162221100
1319510100
1293455900
1257868600
1234087700
1210949300
1175634600
1327073600
1122594500
1266822800
1238717900
1216907300
1196468500
1173069700
1137824000
1283021400
1259824100
1236027900
1214836700
1194288300
1158743900
1303306400
1091854700
1247988700
1046376300
1377625800
1160935900
1311283300
1096927600
1255123800
1230046600
1206049900
1182991400
1327933900
1124192600
1281781800
1246642700
1214879200
1190578500
1349079900
1144318000
1290297100
1085296900
1229899300
1208685300
1173927200
1154870600
1123536600
1269888500
1246451000
1226233800
1205888800
1173062800
1148900400
1308153500
1282476400
1261258100
1236318900
1215347600
1374009800
1167513500
1323033700
1122325300
1278943600
1243445300
1208943400
1187157600
1158469700
1134811300
1279015300
1250561200
1228533500
1206632400
1185491400
1163230000
1315496400
1114967700
1260688400
1239267100
1217248600
1182409600
1341038300
1127278100
1283612000
1082327600
1232439600
1198863300
1172360000
1135678100
1295213900
1269830700
1247622800
1217367600
1194390300
1171253600
1316628500
1115259900
1259573200
1059962400
1218886000
1192620300
1158118800
1120462000
1277321100
1257151400
1222955400
1197741800
1170994400
1150123000
1308485900
1286977300
1251032500
1218351300
1195296600
1158855900
1312576700
1111619300
1254303400
1233010800
1212322100
1187158400
1162293000
1132811100
1110750900
1267078900
1246190400
1209804300
1181863100
1338579000
1315986400
1285339600
1260549400
1226828300
1203966600
1183757800
1344432600
1139460400
1289766100
1267621100
1242285600
1221627600
1200719800
1173077800
1149914500
1115956100
1275220800
1250610600
1230598300
1209446600
1183827600
1161491000
1318564400
1113011100
1271554400
1251084400
1229685500
1193940200
1347899400
1144955000
1291953500
1269988600
1245597100
1223600800
1202171900
1177331900
1154634000
1299572900
1267535400
1246711100
1225608600
1204821400
1168407200
1131947000
1286973900
1075443400
1233399100
1209652900
1174007300
1153899700
1127086700
1282244700
1262757100
1227257100
1205513200
1183544500
1146894000
1293563200
1259771700
1236835100
1213685700
1177362900
1332357700
1118766100
1276691200
1074528200
1230471300
1208081200
1183964500
1134283400
1109540000
1252844100
1217356000
1191727700
1168605800
1142167000
1303105000
1279566000
1242827200
1223487600
1369912000
1165806300
1310335200
1108776600
1267576700
1245271700
1222628000
1201479600
1169298200
1143833900
1119028500
1277612200
1256406100
1235297300
1215080700
1181208900
1336644700
1121923600
1279929200
1063039800
1219575400
1186050700
1344438400
1142901100
1297927600
1083415800
1229225500
1203809100
1182192700
1146524300
1293727000
1269448000
1231960700
1189140200
1347617100
1145708100
1289727100
1088244200
1234795700
1210782900
1183916900
1161839400
1140662900
1120399900
1277796400
1256467100
1233713600
1209824500
1177384900
1328748800
1301539500
1270376800
1250970400
1223371100
1379124700
1169612100
1313278000
1112052400
1269274400
1234435200
1214336400
1191321200
1169065900
1122525800
1278821100
1256181200
1236001900
1215457800
1182583100
1157710800
1313088900
1111691800
1269538100
1068727300
1212284900
1178535300
1336104300
1135572800
1296033100
1091422200
1234892000
1199015000
1179610400
1148924200
1123992600
1284894700
1261643600
1241682400
1220595400
1197853700
1344507900
1139943400
1298620300
1081679600
1238467600
1215382000
1195711400
1162527200
1138318800
1116095100
1275669400
1238060800
1218104300
1196533600
1161139300
1320641400
1298545700
1271944300
1251403900
1229578900
1191250600
1156491200
1314059300
1109554300
1254944200
1221930800
1200335100
1171668000
1151907900
1128401500
1108018300
1265669200
1235784500
1215553200
1194226800
1157606200
1315200500
1283851200
1263498300
1240477700
1205442500
1185495800
1341021900
1112319400
1269772000
1236783000
1212096000
1184042200
1161168700
1138366400
1115667900
1276997800
1251391100
1227002700
1205292300
1172080200
1315514400
1110411300
1255279200
1050835000
1195220200
1172480100
1318218100
1117904800
1276597400
1253524000
1233931200
1213225100
1188898600
1166511600
1135293900
1279780300
1255004200
1232042200
1197743500
1165404800
1321382500
1115482600
1273686500
1072508700
1231481600
1209084100
1183303900
1158468500
1137870900
1281369600
1259949000
1237686300
1204368100
1181893200
1150481400
1306220800
1274463800
1250443700
1228124400
1208158000
1366549900
1164866700
1320511100
1103789900
1261856800
1240978900
1216596500
1196088400
1174167600
1147192100
1123571700
1267819600
1245956200
1222781000
1202781300
1178622300
1333263800
1130565000
1290088900
1256871800
1237348100
1215088100
1360221100
1157635200
1301352800
1099762900
1245421300
1223863000
1203419600
1167078500
1143867800
1291863700
1265871100
1244989100
1221474100
1201143200
1357068100
1141487000
1286080300
1071206200
1225956300
1178343400
1156796500
1134904300
1292454100
1257650200
1234780800
1213219600
1176439800
1152121400
1308949300
1271885300
1250699300
1228875700
1208740400
1184653800
1337986000
1138327200
1295246200
1092243700
1252151900
1219157300
1196001900
1174770500
1151305900
1127131500
1271194100
1250396500
1229938200
1206101600
1167491000
1314654700
1279746400
1256810400
1233566800
1212402100
1368730600
1166791900
1324904500
1122735100
1281205600
1246293300
1224995800
1188789300
1166903900
1129843000
1287863100
1264916200
1243183700
1220402300
1200251400
1167029100
1321901400
1110529800
1268182200
1064469500
1391127900
1173830900
1318812100
1117572300
1276853500
1246487400
1223551700
1203164400
1180984400
1159003400
1135157100
1290236700
1252685200
1219183800
1195275400
1173442500
1333975700
1119306900
1275957100
1074362700
1218969400
1197798200
1174592400
1155951300
1119389800
1265694600
1245765600
1214083600
1191811400
1171058600
1149377100
1292169100
1269931600
1245601000
1211765200
1177130000
1337469500
1134612700
1294238200
1092052900
1244785000
1221413200
1193253000
1156800500
1136549500
1295120500
1272157900
1237407700
1216119000
1195450900
1161534800
1140820100
1298214600
1275895600
1238452000
1216667400
1373817900
1157130800
1304004600
1098253200
1245269900
1223595100
1189300600
1164605900
1142332300
1288752700
1267743200
1243469200
1222114300
1202390300
1175512700
1154754100
1302466000
1102118400
1259290700
1056620900
1216996900
1183578100
1338896200
1124325000
1276276400
1255495200
1233234500
1212744200
1191513300
1170569500
1148988800
1294281900
1271228100
1252048400
1231212900
1209087100
1354119600
1150814700
1307652200
1088821100
1246387200
1221160100
1200003500
1167016700
1140238400
1116968800
1270414200
1234913700
1213354100
1190629800
1170880700
1316323500
1292526700
1272794800
1243837300
1222135400
1201771100
1166594400
1311411700
1096999500
1252182200
1229877600
1207298900
1183382600
1146637200
1123970100
1271188900
1251134700
1231176900
1205817500
1181493700
1161531600
1321101100
1119529600
1275207400
1249568700
1224555500
1202644600
1356829700
1153883600
1310691300
1111543700
1267989000
1247516300
1221926200
1201978400
1177825500
1156544200
1136483300
1282037500
1259617000
1235762200
1215916600
1194140800
1158686800
1137766300
1282287600
1077407400
1223379200
1204433100
1360564700
1161034500
1305218900
1098140800
1256954100
1220712800
1192656800
1171898300
1148506700
1293483600
1272339400
1251838100
1229027800
1196092700
1174264700
1152069500
1310850500
1108252900
1256798900
1219407000
1197529700
1161518400
1128083200
1283450100
1262697100
1227096800
1193026500
1170992400
1318368900
1298841400
1274936500
1240660700
1205154100
1179253700
1334885000
1120305600
1276597100
1076077200
1234009200
1211763500
1175203400
1141442900
1117109300
1264304000
1241899100
1219742700
1186278400
1164859800
1312536500
1111314300
1267897800
1053985800
1211190000
1190730100
1346974000
1144739200
1304716800
1102359700
1259368100
1237213900
1215550300
1179927200
1159955500
1134539700
1291747500
1269096800
1248453700
1228262200
1205080400
1185267100
1343401300
1129318200
1288362000
1080942800
1227687200
1202414200
1179936700
1144963700
1112032300
1266637200
1230783800
1198519600
1174968300
1152274000
1311288700
1292634500
1270454600
1247841400
1223408000
1201924600
1182497800
1147042300
1304982900
1096722000
