1226884500
1195982200
1165914000
1302453200
1093170100
1250438300
1212096200
1171959500
1138679900
1106982000
1251844500
1227706700
1189256200
1156021600
1128813400
1278628000
1062157700
1217763000
1187115600
1155753000
1133928300
1280122600
1236724800
1210255200
1185261600
1316960600
1276611900
1253716600
1231911000
1201616100
1178991400
1338059100
1130008300
1284654600
1252032600
1219232200
1188985400
1153270400
1311777100
1280081800
1246245700
1224835300
1197265100
1349568100
1127217200
1273961600
1242996600
1214950900
1189807900
1339431300
1302599300
1258810300
1227296200
1378503400
1176350900
1334772800
1123430400
1267927000
1234088900
1200283000
1178461900
1148839800
1298814300
1275158700
1243107000
1215851800
1186402100
1341225400
1128004000
1282387800
1248327600
1224583800
1194137400
1156676000
1314859700
1279144600
1245557200
1197656800
1176158400
1331503900
1130438600
1284757400
1251428400
1220138000
1187239700
1155435400
1303394100
1268552400
1245654700
1217232100
1195696600
1336734600
1111557400
1261461400
1226610300
1195958200
1156044400
1307030000
1277013800
1251379900
1211430400
1356940700
1144393900
1284118600
1082981600
1233764000
1207658200
1183091200
1152081300
1303136400
1269320300
1233316300
1205064300
1183810800
1143969200
1293140200
1257985600
1231681700
1196383900
1171164400
1136768200
1289545800
1256265200
1209493800
1173625600
1327371900
1115629400
1273317800
1239859900
1208017900
1170714300
1142106400
1291559900
1259042100
1225644000
1202011800
1171129100
1327631700
1109343300
1251434700
1225071400
1192057500
1165145800
1137792000
1116579000
1263878100
1240628600
1201586200
1156853600
1286178300
1074750700
1218236000
1194267800
1164777300
1309404200
1273864900
1245025100
1192672700
1163243800
1316385300
1092455800
1240269800
1215976700
1193516100
1170870500
1134382900
1109219500
1261423100
1236152400
1206403500
1180187900
1154693000
1119306400
1272128300
1233796700
1203721800
1176398500
1130419700
1286634500
1263020400
1233870100
1213270500
1178547300
1322862400
1110263600
1256052200
1232819500
1211330900
1166889000
1144821400
1292580700
1256913300
1230470300
1203739200
1170574800
1137180000
1102390500
1238984800
1204978700
1181568500
1133721900
1107383200
1252740200
1227655000
1193593700
1161327500
1133118000
1290817900
1071418800
1221197400
1200950700
1163289100
1141880400
1113024200
1266469300
1240340800
1210102300
1180122300
1153200600
1307919600
1097130900
1250998200
1044197500
1196771300
1170589100
1329707900
1118912300
1276842500
1246744700
1221231500
1189733600
1157833000
1313856000
1289523000
1260381100
1238312100
1208669100
1364821800
1160656500
1309812900
1288735600
1259407700
1238018300
1209872600
1184651500
1325321200
1292454500
1260502200
1236499100
1381732900
1168547600
1312780200
1100614800
1257206900
1231689100
1196741700
1175334800
1152420400
1299564800
1262225400
1237915800
1204660800
1184375100
1330405600
1125302600
1271485400
1234362500
1210206600
1170820400
1146082900
1291727000
1263588500
1240050200
1206368400
1185891200
1328676100
1116018900
1270454700
1240880600
1216094300
1181453700
1159519200
1302979500
1283018900
1246029500
1225249300
1190872600
1349284200
1131492600
1274575000
1238358300
1201002700
1165991100
1308475600
1271661300
1235039800
1198269600
1356946600
1142522700
1301964800
1100233300
1245031500
1207114600
1170620000
1133989200
1276127500
1240257300
1219651700
1183334800
1328237300
1127278200
1268759200
1233159800
1196366200
1175860300
1139297300
1298383400
1261495300
1226585700
1368848900
1151634600
1311116100
1109806700
1254342900
1219343300
1180658800
1143502200
1287098200
1251221900
1214287300
1177530600
1337023200
1120343100
1263991400
1227107800
1190187600
1153333800
1296787000
1259965500
1239397700
1203124800
1182434500
1145734900
1289510100
1072577800
1215616700
1179058300
1141688000
1285283900
1248557200
1228734700
1191762300
1171143000
1330822600
1130456800
1289751800
1075968600
1227219600
1190464200
1158395800
1132857200
1277083000
1244375700
1222152200
1194043000
1347328800
1137969900
1282276900
1249060300
1224714100
1192268600
1168560400
1147551600
1290840400
1254097900
1219548900
1194843000
1343198300
1140495400
1284356400
1083073800
1227404300
1191997300
1170357400
1313773300
1278633900
1257648100
1236471400
1208053400
1361325200
1158848700
1301744600
1085750400
1230188000
1207927600
1171561400
1135592300
1114051900
1257551900
1221146000
1184099400
1329484700
1127589700
1272310100
1250483600
1214935900
1177830900
1157086400
1299833400
1267380600
1243085900
1206265900
1172732700
1323071500
1108389200
1249154800
1217708700
1181530900
1159746800
1139061700
1285886200
1252257900
1231624200
1209496000
1171898400
1315260300
1099049200
1256326600
1041351500
1184812800
1165291900
1127890200
1271879800
1233535300
1197265800
1355325700
1133798300
1293467400
1083181000
1220506800
1187731900
1154107800
1133236900
1111821700
1246350800
1220510600
1196520000
1163797700
1141104100
1286900400
1071577200
1228504900
1192564700
1155705600
1133202600
1111243300
1253232600
1226359600
1199492400
1343704200
1127917100
1286940400
1085475900
1230319900
1210128300
1180300200
1147311500
1124199600
1283619500
1262742600
1241349600
1206803300
1185009100
1329911200
1111433400
1254686800
1218259400
1181797200
1160923500
1126035500
1267300400
1230932600
1194541700
1157287600
1120780900
1269029300
1064233000
1206237100
1173422600
1142602700
1293455300
1256719500
1235536400
1198799700
1162708700
1306665200
1088239300
1231830600
1196505700
1158227100
1121179400
1280659800
1244436400
1208031400
1177846100
1334358100
1121603200
1275631900
1071950600
1229832700
1194290500
1171893100
1139432800
1107503600
1261003300
1239182100
1218331200
1186735300
1162415600
1305580600
1089403500
1248319800
1219351500
1196998700
1171821000
1133779500
1288966500
1258525200
1220731200
1184920700
1163569500
1306909900
1091096500
1247288100
1213816600
1181600700
1159644700
1139026300
1295769400
1259837800
1223198100
1186357000
1149895900
1292731000
1076776000
1235335500
1200688200
1179910900
1141336000
1105306800
1248789000
1227969900
1191276800
1155313600
1132553100
1274930100
1238284000
1201886500
1165303500
1144439100
1287653200
1251071600
1216094600
1194833900
1158628600
1317124300
1104022000
1252521000
1226393600
1190055800
1152772300
1119456400
1278055600
1256183200
1233419900
1198463900
1177494300
1335242600
1119515300
1262723900
1225934700
1189040500
1155783300
1132406400
1277401700
1254454300
1219072200
1197962500
1176086800
1320834400
1106609900
1248060900
1046901000
1189987300
1169140400
1133192600
1289566200
1251629800
1231157200
1195485300
1166008400
1313441100
1108307300
1264868900
1046940900
1192821400
1164797200
1133553700
1279463800
1252746400
1215343400
1185471800
1159467400
1311943800
1099776800
1242933400
1201755200
1180693700
1158762900
1130217800
1270155300
1244873200
1214800500
1188673600
1162118500
1311833500
1095960000
1233972400
1200650600
1170465600
1134561400
1279595200
1244294100
1221637200
1191729700
1167634900
1144951300
1281519000
1068441600
1220460000
1192036900
1164810200
1142314800
1112499100
1262541700
1234043600
1209037400
1187212600
1151466300
1310944900
1097692900
1239136700
1208205100
1163658400
1138818700
1283920400
1252397300
1218502300
1189063100
1336760300
1128683700
1265083400
1055026000
1212678900
1182741500
1150529000
1296526400
1268810600
1245316200
1224438700
1198264800
1355252100
1145075900
1300923100
1085179200
1230505500
1199216300
1175677900
1137060700
1295979400
1264374400
1242021600
1204226300
1354604500
1141609100
1284621400
1083143900
1226259000
1196049400
1168560600
1137206900
1292021900
1261798500
1236378000
1210992500
1186077600
1154445500
1313740000
1107671000
1263035900
1236786200
1210729400
1186716500
1152816400
1297948500
1270107100
1235543000
1207505900
1178112200
1332613000
1122433200
1280880100
1078250100
1222939200
1186955200
1156374900
1305245800
1260220100
1223636800
1188650400
1161823600
1317149500
1099114000
1240381500
1202827000
1175422900
1149062500
1110732700
1267901700
1248574800
1216649900
1189688900
1150847400
1279228200
1246478100
1217248100
1196046900
1171309000
1142960000
1295913900
1274641900
1239161300
1203644400
1170706800
1144351500
1292155100
1087163900
1231903600
1196153900
1159810700
1308538300
1282645200
1254683100
1222728000
1199544300
1356930300
1145549100
1303667300
1092295800
1245327100
1217458800
1188084200
1166402000
1132744600
1263356100
1240361100
1205524900
1360374200
1153290400
1307424100
1097094600
1252208600
1203330600
1167378600
1321513300
1284151100
1245685500
1217598100
1185695600
1343959100
1135620600
1270663600
1243987600
1223729300
1195547700
1173222100
1146530000
1290545700
1254384700
1216863600
1185850300
1335735200
1132214400
1280836000
1252129300
1220637200
1170802400
1317632600
1283362600
1254077800
1219912000
1369737700
1159524900
1302442100
1083477000
1230436500
1197900900
1166006400
1144815500
1275860700
1242376700
1204187100
1178235300
1333804800
1124722700
1279584500
1251081400
1223675500
1187611500
1155385900
1308646900
1274002600
1251814800
1227587300
1190920600
1340908100
1127488400
1275764000
1243720200
1211810000
1186087200
1163969400
1318996500
1270551800
1244633600
1208096600
1176076800
1319692000
1119045100
1250017400
1215255600
1192625500
1321248500
1287251400
1256398700
1228495600
1199055000
1353086400
1139263300
1287839400
1266806200
1225807500
1193365900
1163775100
1142038100
1294704300
1063799300
1219004800
1176333800
1137653500
1117134800
1263898400
1238122300
1201970900
1172603400
1315928500
1115705700
1269370600
1066393600
1225090600
1199040100
1177924900
1145115000
1120210800
1270323000
1239304000
1210144700
1176367500
1155055200
1308877500
1103008800
1244275800
1215323100
1185654700
1135718400
1099070100
1257049600
1230358600
1204358200
1184026200
1147768600
1294544900
1086140200
1239333100
1202747200
1174844900
