1526
1538
1533
1541
1541
1526
1533
1528
1550
1550
1537
1531
1521
1523
1535
1530
1534
1541
1523
1533
1523
1534
1521
1523
1517
1517
1536
1530
1071
1534
1531
1523
1529
1506
1526
1527
1522
1056
917
760
1337
156
1054
1516
1517
1522
1522
1513
1512
1524
1518
1525
1522
1509
1509
1521
1513
1526
1515
1504
1520
1516
1510
1517
1514
1506
1510
1517
1505
1504
1508
1507
1513
1513
1518
1524
1504
1523
1518
1522
1521
1515
1505
1516
1512
1501
1498
1497
1504
1511
1500
1497
1505
1505
1505
1501
1493
1506
1509
1505
1508
1499
1510
1507
1504
1511
1506
1509
1507
1497
1503
1515
1500
1508
1501
1493
1481
1491
1493
1499
1494
1500
1492
1489
1493
1498
1501
1495
1503
1502
1496
1503
1503
1503
1500
1511
1495
1506
1500
1503
1505
1498
1495
1495
1486
1497
1492
1508
1489
1496
1502
1487
1501
1503
1496
1493
1489
1502
1502
1490
1503
1503
1511
1503
1490
1495
1500
1492
1491
1478
1502
1500
1488
1484
1488
1481
1484
1494
1487
1479
1490
1494
1486
1479
1500
1494
1486
1471
1497
1498
1490
1488
1479
1489
1483
1494
1500
1485
1483
1465
1477
1469
1465
1472
1469
1470
1478
1469
1485
1478
1475
1475
1473
1488
1474
1472
1500
1486
1480
1489
1480
1476
1494
1483
1474
1470
1479
1484
1473
1479
1479
1477
1482
1481
1475
1467
1478
1478
1479
1471
1484
1462
1471
1476
1476
1468
1476
1479
1484
1491
1486
1464
1459
1470
1485
1474
1461
1462
1468
1474
1470
1478
1474
1484
1483
1472
1475
1473
1466
1475
1477
1451
1468
1461
1474
1464
1475
1461
1455
1471
1473
1477
1453
1467
1458
1464
1446
1456
1463
1468
1449
1464
1461
1461
1458
1454
1468
1464
1468
1446
1460
1471
1466
1458
1461
1462
1028
1452
1463
1462
1463
1463
1456
1447
1455
1441
1458
1450
1450
1448
1455
1463
1439
1462
1463
1454
1458
1464
1457
1464
1464
1465
1466
1450
1456
1455
1456
1451
1458
1451
1451
1425
1455
1446
1452
1452
1455
1445
1438
1440
1454
1449
1460
1459
1440
1454
1444
1449
1441
1446
1450
1456
1452
1447
1432
1451
1440
1447
1455
1441
1436
1441
1440
1449
1445
1440
1430
1436
1427
1443
1449
1432
1448
1432
1456
1451
1423
1442
1455
1446
1434
1424
1443
1447
1451
1446
1446
1428
1428
1435
1436
1426
1434
1446
1438
1441
1422
1440
1428
1436
1438
1454
1426
1430
1442
1430
1437
1434
1412
1419
1427
1433
1459
1442
1433
1434
1432
1424
1437
1431
1443
1436
1422
1427
1420
1418
1429
1444
1444
1440
1428
1433
1428
1428
1445
1427
1422
1429
1434
1441
1424
1424
1440
1435
1439
1418
1415
1431
1411
1431
1413
1425
1405
1428
1411
1413
1424
1421
1420
1439
1413
1432
1437
1422
1421
1424
1410
1419
1434
1439
1419
1433
1423
1428
1404
1430
1428
1421
1418
1425
1430
1406
1423
1432
1409
1417
1401
1414
1409
1428
1417
1406
1407
1415
1421
1418
1419
1412
1411
1413
1416
1422
1420
1419
1418
1403
1420
1416
1415
1424
1401
1407
1423
1411
1406
1395
1410
1402
1415
1405
1412
1406
1401
1412
1404
1386
1400
1420
1418
1415
1422
1424
1416
1414
1402
1415
1427
1417
1416
1407
1402
1407
1419
1425
1407
1399
1417
1397
1403
1418
1390
1407
1406
1397
1404
1413
1409
1406
1396
1404
1403
1402
1404
1396
1415
1403
1396
1399
1395
1392
1408
1405
1411
1390
1395
1413
1398
1401
1396
1415
1406
1380
1406
1408
1400
1385
1398
1400
1405
1404
1405
1391
1408
1408
1414
1413
1403
1411
1396
1412
1396
1396
1397
1391
1394
1402
1388
1384
1386
1389
1364
1400
1394
1380
1389
1393
1395
1405
1379
1393
1390
1386
1387
1385
1391
1397
1389
1399
1402
1374
1408
1393
1388
1392
1406
1391
1399
1394
1390
1383
1390
1391
1395
1381
1385
1398
1390
1377
1372
1396
1377
1387
1384
1393
1375
1372
1380
1391
1380
1382
1388
1375
1391
1379
1396
1394
1381
1388
1386
1379
1388
1380
1384
1392
1384
1375
1383
1383
1373
1388
1383
1358
1369
1377
1380
1385
1372
1377
1388
1379
1372
1379
1389
1385
1390
1374
1380
1380
1383
1389
1374
1380
1385
1390
1370
1376
1384
1376
1381
1380
1375
1372
1377
1367
1380
1377
1377
1381
1374
1379
1367
1356
1391
1380
1367
1370
1372
1375
1385
1388
1376
1376
1376
1379
1386
1372
1373
1369
1370
1383
1372
1376
1364
1376
1379
1363
1372
1368
1360
1361
1375
1360
1356
1355
1363
1369
1364
1366
1368
1374
1376
1369
1371
1364
1359
1356
1354
1364
1362
1375
1356
1381
1357
1366
1367
1353
1363
1364
1362
1364
1354
1353
1356
1366
1353
1373
1349
1354
1354
1367
1356
1368
1354
1369
1370
1352
1357
1353
1369
1367
1361
1368
1350
1356
1370
1373
1372
1351
1365
1363
1374
1356
1353
1365
1361
1354
1351
1356
1369
1351
1349
1337
1362
1337
1340
1345
1346
1363
1358
1351
1346
1351
1368
1371
1354
1359
1350
1351
1363
1360
1350
1356
1361
1348
1341
1347
1330
1336
1341
1352
1359
1339
1351
1348
1334
1338
1353
1355
1341
1362
1343
1362
1352
1343
1335
1356
1356
1361
1354
1352
1356
1368
1342
1345
1353
1345
1345
1334
1338
1348
1343
1351
1348
1343
1332
1353
1319
1331
1333
1338
1346
1326
1339
1345
1345
1335
1324
1343
1342
1352
1348
1340
1353
1354
1344
1350
1337
1342
1342
1334
1350
1337
1346
1353
1340
1354
1340
1348
1343
1311
1328
1329
1330
1340
1328
1340
1338
1331
1337
1343
1333
1328
1353
1346
1339
1349
1328
1336
1342
1341
1331
1340
1341
1332
1340
1353
1331
1333
1343
1339
1341
1334
1344
1326
1333
1334
1340
1329
1316
1338
1321
1330
1326
1340
1339
1336
1309
1336
1333
1319
1346
1331
1345
1329
1334
1339
1343
1348
1324
1320
1318
1335
1327
1345
1339
1337
1322
1344
1336
1326
1320
1339
1326
1321
1320
1339
1327
1341
1337
1319
1327
1330
1333
1311
1331
1320
1334
1337
1340
1331
1324
1326
1325
1321
1327
1336
1319
1310
1328
1317
1320
1320
1309
1313
1323
1312
1332
1322
1322
1316
1320
1324
1327
1324
1326
1334
1325
1321
1323
1322
1321
1315
1300
1325
1322
1318
1331
1332
1320
1318
1329
1326
1325
1323
1301
1306
1318
1308
1308
1330
1321
1311
1313
1313
1302
1307
1320
1310
1311
1315
1308
1319
1324
1320
1315
1311
1323
1308
1306
1325
1316
1314
1328
1315
1322
1322
1314
1309
1327
1313
1319
1309
1319
1316
1310
1311
1308
1319
1298
1303
1298
1301
1301
1299
1310
1313
1307
1301
1308
1309
1310
1307
1305
1310
1309
1315
1299
1307
1314
1307
1306
1315
1307
1322
1314
1298
1308
1301
1299
1301
1304
1295
1311
1303
1301
1285
1288
1304
1302
1307
1298
1301
1307
1302
1305
1317
1292
1319
1306
1295
1296
1300
1303
1316
1309
1291
1306
1296
1308
1306
1304
1306
1311
1297
1300
1298
1305
1293
1300
1288
1295
1300
1290
1301
1293
1284
1306
1297
1319
1293
1296
1290
1317
1306
1281
1266
1303
1313
1305
1297
1305
1315
1308
1310
1294
1281
1304
1287
1297
1302
1288
1302
1286
1309
1294
1305
1304
1301
1313
1278
1306
1277
1272
1290
1306
1308
1291
1303
1284
1298
1306
1305
1300
1306
1287
1290
1291
1284
1289
1295
1305
1300
1288
1295
1287
1291
1291
1288
1298
1271
1298
1286
1281
1292
1296
1289
1292
1294
1297
1288
1289
1302
1309
1288
1301
1295
1291
1292
1297
1282
1289
1285
1282
1288
1280
1277
1273
1302
1288
1273
1299
1280
1282
1288
1282
1265
1289
1290
1282
1286
1295
1287
1270
1285
1281
1290
1301
1269
1294
1278
1264
1279
1268
1280
1286
1287
1289
1267
1277
1284
1276
1271
1283
1283
1279
1287
1264
1275
1265
1277
1273
1286
1273
1284
1293
1279
1279
1277
1294
1286
1276
1288
1279
1285
1273
1298
1282
1278
1290
1282
1279
1264
1270
1296
1265
1285
1284
1281
1275
1265
1272
1273
1269
1284
1274
1278
1282
1283
1267
1279
1283
1277
1274
1273
1278
1271
1277
1267
1276
1277
1274
1257
1273
1267
1275
1267
1276
1270
1273
1268
1266
1288
1261
1263
1270
1271
1254
1276
1276
1266
1251
1278
1276
1269
1260
1267
1265
1277
1267
1269
1274
1271
1281
1273
1274
1270
1279
1276
1266
1267
1269
1270
1254
1260
1261
1276
1275
1276
1274
1250
1262
1276
1273
1272
1279
1269
1262
1277
1276
1270
1265
1281
1270
1267
1282
1259
1284
1274
1276
1268
1274
1271
1279
1270
1263
1268
1259
1263
1268
1270
1251
1261
1262
1281
1265
1280
1271
1256
1271
1270
1264
1269
1257
1256
1253
1279
1268
1257
1249
1271
1264
1254
1254
1275
1261
1257
1255
1256
1256
1251
1270
1241
1253
1267
1259
1266
1254
1261
1270
1273
1262
1269
1258
1256
1267
1250
1239
1254
1244
1257
1250
1258
1255
1257
1234
1267
1273
1260
1251
1252
1247
1249
1262
1259
1274
1244
1254
1233
1262
1240
1255
1260
1246
1254
1242
1247
1258
1261
1245
1245
1246
1241
1237
1245
1249
1247
1247
1245
1245
1246
1249
1246
1235
1240
1240
1240
1250
1257
1227
1258
1246
1249
1232
1241
1246
1246
1240
1247
1241
1256
1253
1251
1251
1237
1235
1253
1243
1249
1237
1242
1249
1255
1243
1251
1251
1254
1230
1242
1249
1238
1258
1250
1239
1238
1246
1238
1247
1237
1242
1236
1229
1231
1232
1236
1249
1230
1241
1237
1254
1253
1249
1237
1241
1241
1245
1242
1256
1249
1245
1249
1248
1242
1251
1251
1235
1248
1256
1251
1244
1259
1240
1238
1253
1253
1251
1241
1249
1228
1222
1242
1243
1240
1242
1250
1251
1236
1251
1236
1240
1254
1246
1235
1243
1230
1233
1248
1236
1230
1235
1229
1238
1243
1243
1231
1235
1248
1257
1227
1237
1259
1232
1247
1247
1249
1239
1235
1244
1239
1237
1245
1250
1247
1234
1239
1250
1232
1241
1236
1245
1222
1241
1233
1236
1241
1250
1235
1240
1248
1241
1233
1241
1244
1226
1230
1243
1242
1248
1237
1237
1241
1238
1238
1230
1226
1234
1239
1243
1242
1233
1243
1231
1238
1239
1228
1228
1227
1229
1230
1238
1228
1233
1230
1234
1219
1231
1218
1227
1239
1227
1235
1225
1225
1234
1240
1232
1232
1225
1250
1243
1241
1233
1242
1237
1228
1237
1239
1228
1234
1219
1238
1226
1218
1236
1237
1238
1221
1235
1226
1238
1220
1240
1238
1234
1233
1208
1233
1224
1224
1227
1226
1227
1225
1229
1227
1217
1217
1222
1228
1237
1224
1227
1234
1224
1237
1215
1220
1215
1219
1217
1222
1219
1213
1222
1223
1221
1228
1221
1238
1205
1224
1220
1231
1208
1224
1220
1224
1211
1218
1227
1226
1210
1232
1222
1221
1222
1209
1214
1209
1213
1196
1218
1210
1223
1209
1219
1222
1210
1202
1212
1200
1215
1207
1213
1218
1202
1220
1211
1217
1212
1214
1210
1194
1203
1208
1219
1207
1206
1227
1197
1205
1208
1218
1200
1211
1197
1217
1208
1206
1207
1205
1222
1189
1217
1218
1215
1210
1206
1217
1219
1213
1210
1202
1207
1200
1218
1210
1209
1214
1207
1199
1206
1210
1192
1199
1208
1208
1208
1222
1220
1200
1205
1207
1202
1225
1214
1211
1181
1212
1194
1201
1207
1190
1212
1209
1195
1199
1209
1201
1204
1190
1193
1221
1206
1209
1205
1214
1203
1209
1192
1201
1194
1201
1207
1202
1213
1220
1208
1224
1206
1205
1200
1190
1217
1206
1205
1224
1205
1207
1202
1220
1220
1218
1203
1211
1204
1210
1202
1203
1208
1218
1201
1186
1196
1193
1213
1200
1207
1202
1210
1197
1213
1195
1215
1198
1201
1203
1212
1204
1204
1205
1189
1190
1195
1212
1200
1199
1205
1183
1189
1210
1192
1194
1191
1199
1185
1202
1194
1203
1200
1187
1198
1189
1197
1182
1196
1193
1189
1194
1196
1199
1191
1192
1199
1207
1196
1192
1188
1189
1186
1193
1203
1197
1190
1200
1169
1196
1176
1189
1186
1179
1183
1175
1189
1195
1182
1169
1184
1182
1195
1186
1194
1194
1182
1201
1187
1189
1187
1184
1175
1197
1181
1192
1192
1189
1179
1181
1171
1189
1180
1181
1180
1186
1188
1174
1174
1177
1179
1176
1185
1176
1189
1179
1185
1186
1176
1186
1197
1200
1173
1194
1189
1183
1185
1188
1190
1182
1187
1188
1170
1174
1175
1178
1187
1191
1183
1176
1179
1185
1190
1196
1175
1185
1177
1185
1187
1175
1186
1192
1199
1190
1192
1169
1185
1192
1183
1182
1189
1177
1188
1185
1189
1199
1184
1175
1181
1197
1197
1181
1199
1184
1190
1191
1178
1196
1198
1193
1170
1185
1175
1190
1168
1182
1184
1196
1194
1170
1184
1189
1190
1189
1178
1186
1192
1164
1179
1189
1175
1181
1180
1172
1187
1184
1176
1163
1167
1154
1180
1174
1179
1180
1176
1180
1165
1185
1174
1189
1174
1178
1170
1173
1175
1181
1178
1167
1172
1178
1172
1174
1180
1167
1169
1156
1185
1170
1173
1167
1173
1175
1171
1179
1171
1167
1180
1181
1179
1188
1182
1181
1175
1176
1178
1177
1169
1191
1180
1187
1186
1181
1186
1186
1186
1193
1174
1180
1183
1184
1180
1176
1174
1174
1165
1164
1178
1178
1185
1169
1171
1167
1167
1158
1155
1176
1170
1178
1182
1168
1173
1167
1168
1157
1160
1159
1170
1162
1169
1152
1155
1180
1175
1164
1177
1169
1161
1173
1177
1161
1177
1165
1161
1159
1160
1168
1156
1170
1174
1160
1166
1163
1168
1145
1166
1165
1163
1158
1158
1164
1176
1149
1159
1157
1144
1169
1169
1163
1157
1161
1154
1165
1165
1165
1173
1154
1170
1162
1174
1178
1167
1161
1177
1172
1163
1175
1172
1166
1169
1177
1177
1170
1173
1166
1169
1178
1173
1170
1166
1169
1165
1165
1164
1159
1149
1160
1150
1170
1165
1170
1174
1173
1179
1166
1162
1174
1154
1166
1168
1150
1157
1180
1158
1156
1168
1159
1170
1158
1139
1168
1167
1169
1152
1157
1156
1164
1156
1166
1162
1168
1145
1161
1169
1167
1155
1147
1153
1170
1156
1165
1156
1146
1158
1159
1153
1170
1162
1164
1150
1171
1165
1149
1154
1167
1166
1142
1161
1165
1143
1142
1178
1175
1163
1159
1160
1158
1154
1147
1163
1154
1157
1172
1157
1153
1159
1167
1162
1154
1133
1147
1157
1149
1137
1130
1147
1140
1153
1123
1149
1140
1151
1147
1130
1148
1141
1151
1137
1145
1144
1140
1157
1148
1151
1150
1151
1153
1147
1151
1146
1145
1143
1146
1147
1161
1150
1155
1131
1169
1145
1166
1152
1152
1143
1162
1156
1164
1138
1152
1155
1136
1147
1156
1153
1154
1151
1161
1156
1152
1136
1140
1156
1149
1142
1120
1148
1135
1130
1126
1151
1120
1134
1136
1143
1137
1138
1139
1151
1137
1141
1121
1141
1139
1127
1138
1132
1123
1128
1147
1141
1152
1133
1139
1142
1149
1149
1152
1148
1144
1136
1139
1146
1130
1137
1137
1152
1146
1135
1152
1148
1149
1149
1138
1136
1149
1125
1154
1143
1149
1149
1141
1151
1150
1149
1137
1142
1154
1143
1139
1152
1126
1139
1150
1148
1128
1142
1136
1139
1139
1149
1149
1138
1129
1122
1134
1132
1124
1135
1122
1140
1143
1134
1140
1160
1130
1135
1136
1132
1136
1119
1128
1131
1117
1131
1143
1131
1145
1112
1136
1140
1145
1134
1128
1135
1131
1135
1126
1131
1134
1156
1127
1134
1127
1120
1133
1142
1117
1140
1116
1144
1116
1136
1121
1139
1114
1132
1136
1147
1131
1129
1115
1148
1149
1125
1120
1146
1120
1139
1130
1124
1112
1147
1136
1133
1128
1134
1128
1114
1130
1115
1116
1126
1128
1119
1134
1133
1129
1121
1130
1124
1128
1123
1138
1132
1138
1154
1131
1127
1123
1116
1129
1121
1122
1121
1122
1124
1138
1131
1124
1129
1137
1137
1140
1123
1130
1121
1122
1131
1147
1131
1138
1139
1132
1135
1118
1135
1141
1133
1124
1108
1117
1123
1124
1125
1140
1132
1111
1125
1107
1112
1114
1110
1108
1126
1130
1109
1104
1114
1130
1122
1126
1120
1129
1108
1123
1120
1112
1118
1138
1115
1106
1133
1133
1127
1133
1138
1124
1128
1118
1119
1136
1132
1112
1137
1114
1116
1111
1096
1113
1110
1117
1117
1099
1108
1105
1106
1130
1124
1095
1115
1099
1125
1109
1129
1112
1136
1127
1124
1108
1119
1132
1141
1107
1117
1131
1108
1121
1095
1117
1118
1113
1116
1119
1110
1124
1107
1123
1119
1134
1130
1129
1131
1115
1107
1118
1131
1103
1131
1126
1145
1111
1132
1128
1121
1141
1117
1116
1119
1124
1109
1115
1140
1123
1124
1115
1120
1123
1124
1127
1129
1128
1134
1122
1128
1135
1121
1116
1099
1118
1116
1110
1134
1125
1130
1118
1109
1102
1113
1109
1115
1123
1115
1116
1132
1139
1126
1115
1108
1121
1113
1116
1140
1131
1124
1123
1111
1118
1116
1112
1106
1108
1120
1125
1111
1122
1100
1131
1105
1102
1118
1114
1131
1131
1132
1108
1121
1127
1115
1115
1119
1125
1117
1106
1114
1117
1095
1128
1113
1104
1109
1114
1111
1096
1122
1116
1113
1124
1099
1110
1116
1116
1122
1106
1100
1098
1097
1086
1120
1095
1106
1108
1114
1093
1119
1105
1115
1115
1104
1113
1101
1112
1104
1111
1121
1118
1110
1103
1112
1092
1092
1119
1101
1098
1107
1112
1112
1094
1101
1100
1120
1120
1091
1107
1114
1106
1102
1100
1102
1102
1095
1091
1109
1095
1115
1098
1093
1105
1116
1105
1097
1094
1103
1097
1108
1119
1101
1106
1098
1106
1112
1103
1103
1106
1111
1105
1110
1096
1106
1096
1112
1088
1117
1105
1098
1123
1093
1097
1091
1108
1110
1102
1108
1104
1117
1111
1112
1115
1115
1102
1083
1102
1119
1104
1112
1093
1111
1106
1088
1094
1076
1092
1097
1076
1096
1100
1083
1082
1079
1096
1082
1089
1091
1087
1086
1094
1099
1098
1094
1090
1091
1084
1086
1097
1102
1109
1113
1099
1103
1097
1112
1112
1089
1105
1090
1078
1086
1099
1084
1096
1082
1082
1091
1074
1087
1105
1102
1083
1097
1096
1107
1084
1082
1105
1090
1086
1091
1102
1083
1068
1093
1093
1095
1084
1099
1113
1092
1111
1090
1104
1095
1094
1100
1106
1108
1098
1115
1086
1092
1087
1096
1100
1106
1102
1105
1101
1100
1092
1092
1101
1089
1088
1090
1107
1096
1100
1094
1096
1085
1104
1099
1081
1089
1090
1103
1074
1060
1086
1106
1092
1101
1088
1100
1088
1086
1083
1098
1093
1089
1068
1096
1096
1085
1086
1078
1089
1074
1096
1076
1069
1092
1084
1084
1079
1095
1060
1063
1071
1091
1080
1087
1069
1086
1089
1082
1094
1076
1081
1089
1078
1088
1088
1087
1065
1085
1081
1078
1084
1082
1070
1086
1078
1090
1067
1091
1098
1077
1085
1089
1078
1077
1069
1066
1085
1069
1081
1080
1094
1078
1076
1063
1070
1090
1085
1090
1080
1062
1076
1079
1068
1075
1090
1082
1080
1073
1082
1083
1075
1078
1097
1095
1102
1079
1080
1082
1064
1072
1095
1083
1066
1072
1085
1068
1077
1085
1096
1096
1071
1057
1073
1096
1072
1080
1078
1075
1073
1077
1075
1068
1074
1081
1062
1080
1069
1076
1072
1087
1076
1065
1064
1083
1092
1073
1069
1078
1076
1059
1083
1059
1070
1067
1085
1082
1095
1093
1091
1070
1086
1083
1085
1083
1086
1088
1086
1107
1082
1075
1077
1084
1088
1091
1079
1093
1079
1088
1071
1081
1069
1084
1098
1084
1091
1087
1087
1057
1071
1075
1079
1072
1084
1068
1079
1052
1063
1074
1079
1077
1087
1089
1053
1071
1079
1064
1078
1075
1077
1075
1072
1074
1075
1075
1086
1067
1078
1078
1066
1060
1075
1066
1074
1060
1054
1057
1062
1072
1056
1061
1063
1076
1063
1079
1075
1068
1085
1052
1086
1062
1065
1088
1077
1088
1058
1065
1077
1071
1079
1072
1072
1064
1081
1073
1068
1075
1078
1085
1079
1069
1075
1082
1084
1079
1065
1057
1074
1073
1062
1078
1077
1068
1088
1075
1067
1075
1059
1076
1070
1059
1067
1072
1054
1052
1066
1053
1056
1072
1071
1065
1068
1063
1079
1054
1073
1070
1062
1063
1068
1053
1044
1061
1065
1048
1065
1063
1076
1065
1083
1081
1069
1063
1067
1078
1069
1081
1045
1077
1068
1070
1085
1071
1081
1074
1060
1079
1073
1067
1072
1072
1061
1062
1072
1069
1074
1068
1069
1070
1072
1059
1083
1063
1051
1080
1047
1058
1060
1050
1058
1072
1056
1048
1072
1072
1050
1060
1079
1065
1039
1044
1065
1052
1055
1051
1060
1067
1054
1065
1055
1070
1067
1062
1063
1047
1066
1078
1085
1059
1054
1062
1086
1061
1078
1061
1062
1076
1059
1062
1064
1073
1063
1088
1076
1072
1064
1060
1066
1054
1067
1071
1073
1067
1072
1063
1070
1077
1053
1078
1084
1067
1077
1063
1071
1074
1071
1076
1066
1072
1054
1056
1066
1074
1070
1072
1070
1072
1054
1062
1051
1058
1060
1051
1047
1056
1065
1066
1059
1054
1079
1050
1056
1048
1051
1070
1035
1044
1042
1064
1045
1063
1036
1061
1053
1033
1060
1053
1059
1052
1056
1048
1044
1060
1054
1046
1047
1062
1069
1053
1055
1055
1057
1056
1047
1050
1052
1060
1049
1053
1034
1054
1052
1049
1048
1042
1046
1035
1057
1056
1064
1067
1060
1042
1062
1028
1058
1052
1064
1060
1060
1014
1055
1046
1055
1038
1042
1054
1049
1035
1050
1061
1060
1055
1030
1050
1041
1023
1034
1041
1053
1030
1047
1054
1044
1041
1054
1038
1051
1053
1053
1036
1060
1045
1042
1050
1051
1035
1041
1034
1036
1033
1042
1056
1052
1039
1050
1014
1040
1036
1046
1040
1046
1052
1035
1040
1050
1053
1048
1042
1045
1033
1039
1029
1049
1022
1047
1052
1054
1044
1041
1061
1043
1038
1020
1050
1045
1040
1043
1028
1052
1055
1042
1025
1041
1044
1032
1045
1038
1036
1017
1032
1049
1030
1033
1037
1045
1048
1041
1038
1031
1037
1049
1031
1049
1052
1055
1040
1047
1036
1041
1053
1048
1026
1047
1028
1041
1034
1039
1048
1056
1040
1059
1053
1049
1051
1039
1060
1054
1040
1059
1054
1045
1031
1038
1066
1028
1057
1046
1046
1062
1059
1047
1046
1027
1062
1048
1045
1051
1042
1047
1037
1035
1026
1052
1025
1042
1036
1050
1049
1040
1037
1025
1045
1052
1033
1038
1027
1022
1046
1042
1058
1046
1034
1031
1045
1049
1022
1023
1039
1051
1037
1051
1047
1033
1054
1060
1032
1047
1028
1040
1035
1029
1019
1053
1028
1044
1049
1029
1034
1040
1021
1050
1038
1043
1025
1034
1046
1035
1028
1025
1029
1014
1011
1020
1040
1040
1015
1031
1018
1018
1035
1050
1030
1038
1043
1049
1014
1035
1028
1049
1034
1036
1042
1040
1040
1036
1037
1031
1033
1054
1038
1045
1035
1029
1039
1009
1018
1033
1025
1041
1025
1018
1046
1034
1021
1021
1012
1035
1037
1025
1021
1039
1042
1039
1029
1040
1029
1036
1025
1023
1033
1033
1018
1034
1015
1014
1033
1010
1030
1030
1034
1021
1017
1052
1021
1020
1031
1047
1023
1053
1044
1038
1048
1028
1032
1028
1038
1047
1058
1017
1041
1041
1043
1052
1046
1041
1023
1038
1017
1032
1024
1027
1028
1040
1029
1025
1027
1034
1033
1026
1047
1016
1035
1027
1037
1031
1022
1030
1035
1023
1033
1041
1031
1043
1025
1025
1030
1013
1027
1024
1029
1031
1055
1031
1014
1042
1023
1015
1021
1016
1024
1024
1048
1024
1042
1016
1034
1025
1033
1020
1023
1024
1009
1039
1026
1041
1044
1037
1025
1033
1027
1035
1034
1036
1038
1036
1036
1034
1041
1039
1024
1048
1035
1032
1038
1015
1009
1027
1008
1035
1008
1022
1027
1023
1009
1029
1015
1035
1042
1038
1029
1035
1016
1023
1034
1030
1010
1017
1032
1032
1015
1025
1017
1023
1015
1023
1030
1033
1015
1029
1002
1015
1025
1045
1014
1016
1036
1028
1023
1032
1030
1026
1025
999
1049
1026
1011
1026
1023
1024
1026
1026
1012
1031
1043
1017
1033
1024
1024
1017
1008
1028
1032
1025
1030
992
1028
1016
1009
1003
1021
1004
1003
1006
1005
1006
1012
1012
1011
1023
1021
1024
1006
1015
1014
1027
1013
1015
1015
1010
1031
1011
1037
1029
1026
1023
1020
1008
1021
1021
1020
1014
1017
1020
1030
1019
1025
1021
1026
1024
1020
1015
1024
1004
1013
1014
1032
1011
1010
1002
1001
1026
1019
1022
1034
1004
1016
1021
1007
1024
1020
1031
1037
1024
1023
1032
1007
1014
1032
1017
1024
1031
1022
1009
1005
1013
1009
1027
1016
1022
1006
1031
1027
1005
1012
1021
1014
1025
1021
1002
1013
1015
1018
1008
1015
1027
1016
1005
1030
1029
1016
1031
1029
1008
999
999
1028
1025
1025
1013
1018
1014
1017
1004
1024
987
1015
1012
1026
1004
1016
1007
1026
1008
1003
1022
1013
1024
995
1001
1014
1028
1010
1016
1030
1020
1010
1017
1029
1020
1026
1026
1026
1001
1019
1024
1014
1030
1006
991
1014
1023
1008
1017
1010
1012
1010
986
1006
1000
1005
1004
1014
1008
1014
1011
1001
1004
988
1013
993
1000
1000
1012
1001
1003
1012
1033
1018
990
1012
985
1020
1016
1009
1023
993
1021
1011
1006
1001
1006
1008
1022
998
1035
1021
1008
1017
995
1005
999
1020
1034
1015
1007
1006
1008
994
1013
1013
996
996
1000
997
1002
998
1003
1010
1015
998
1000
1020
1003
1000
1012
1000
1003
1002
1013
1005
1008
1003
1020
1002
998
1011
1007
1026
1013
997
1010
1007
1003
1011
996
1025
1004
1019
995
1018
1022
1008
1012
1014
1004
1007
995
994
1001
1011
1001
1000
1004
1005
1007
1004
1011
1023
1006
1017
1004
1005
1001
1001
999
989
1001
1007
987
986
1004
1004
1009
1009
1020
992
1020
1001
1014
985
981
1011
995
994
986
982
997
1001
1002
998
1016
1009
1006
1008
1016
1004
993
990
996
1014
1022
1002
1021
1006
1018
998
1012
1003
1016
1008
1013
1000
1009
1009
990
1017
996
1006
1010
1021
999
996
994
1005
1012
1010
1009
1002
993
999
998
986
1006
1010
1001
981
994
1000
1005
1019
993
999
987
999
1006
974
997
986
998
1000
976
973
992
1004
1002
988
1001
1010
1003
1002
962
1005
1005
1005
1012
994
1018
1020
992
1012
1000
1004
1004
1019
979
1001
1014
991
995
987
1018
1016
1001
992
1008
983
1006
981
1000
1008
1005
998
1016
997
1009
1003
989
993
1003
993
1004
989
1007
1010
984
989
1011
1019
1006
1010
1003
1000
1002
999
991
994
1006
999
1000
1001
1018
1000
1001
1000
1008
1000
1013
1006
988
996
982
993
997
1002
979
983
1007
982
994
996
1004
992
1001
995
1002
971
1009
995
970
983
980
985
983
976
979
995
989
974
1006
996
997
985
998
980
1002
994
986
993
980
987
994
995
992
998
985
1004
987
1010
991
1000
996
988
993
1007
998
992
985
1009
998
999
992
999
991
976
999
1005
993
995
988
998
962
992
992
979
988
982
975
973
967
990
1001
981
987
982
982
988
1005
991
990
1002
1003
978
993
998
1010
987
973
979
1013
990
994
982
1005
991
989
995
984
1009
1006
989
1014
994
1003
983
998
981
982
985
980
979
983
977
984
985
991
978
975
990
989
981
960
994
984
976
976
987
983
982
975
992
965
983
974
976
982
989
981
974
972
962
981
983
981
991
969
981
993
994
976
962
971
992
980
987
979
980
986
986
980
980
989
991
988
1002
990
977
983
989
997
988
996
987
986
995
988
999
980
993
986
989
986
978
986
976
998
974
981
986
989
983
990
989
965
982
978
973
979
985
1000
958
965
991
979
995
983
977
989
977
997
977
992
998
992
987
988
972
982
977
991
1001
993
992
989
967
995
993
982
990
992
986
972
984
980
988
972
973
992
989
984
980
972
982
999
1001
985
984
1003
982
983
981
1007
981
1002
982
1002
992
986
985
997
993
983
983
973
962
979
977
976
978
981
958
954
975
982
986
971
984
990
984
985
990
974
966
974
975
974
970
978
964
976
982
972
985
978
968
957
966
983
973
960
973
976
967
967
981
962
976
980
966
967
974
985
992
982
960
963
979
968
978
988
988
990
974
973
980
971
982
985
982
970
984
974
964
954
987
978
967
984
969
980
984
976
985
974
980
978
972
982
977
990
966
977
982
966
975
975
970
978
976
953
964
970
977
978
982
958
967
966
970
968
960
974
966
956
968
974
975
981
966
963
968
973
985
971
984
970
981
986
975
970
972
968
963
978
990
966
983
979
971
969
985
981
972
977
981
978
974
986
978
984
989
981
980
989
978
984
966
974
984
976
988
977
985
960
978
998
960
973
956
968
977
954
971
970
972
983
966
981
962
974
971
967
976
980
981
962
984
977
979
980
962
973
965
986
978
968
972
979
976
977
965
982
969
975
979
975
968
973
975
972
985
953
985
981
984
977
972
976
983
989
974
970
961
974
971
977
978
980
980
976
970
987
1000
979
974
967
963
980
977
986
975
955
980
990
980
973
961
965
948
940
958
953
955
959
952
979
981
953
961
959
970
947
942
968
968
958
951
962
974
967
948
966
944
968
942
963
971
972
978
954
968
966
977
949
968
964
965
972
973
972
967
979
971
982
961
961
963
972
969
961
958
963
955
971
951
963
969
969
979
979
946
951
965
973
963
962
971
971
975
976
980
957
969
969
961
965
963
951
954
974
960
961
956
955
947
973
973
951
949
947
938
976
944
945
941
966
958
965
964
931
937
957
955
967
960
969
966
970
965
973
967
953
944
957
955
956
965
977
957
980
952
954
952
950
953
963
960
972
974
967
958
970
975
969
966
968
959
957
973
962
975
964
968
984
953
965
979
956
962
969
968
971
968
965
964
952
963
967
963
950
970
954
958
975
954
968
956
950
967
950
951
956
960
964
949
960
979
968
964
959
962
973
976
959
968
964
955
971
967
964
943
967
954
963
973
945
958
946
954
970
973
975
969
966
962
982
950
972
964
970
946
960
960
953
971
951
967
967
950
958
966
965
965
955
970
964
964
958
976
972
964
984
973
967
965
960
931
949
956
952
953
948
959
966
951
945
925
963
969
946
943
946
967
968
957
948
936
945
960
940
951
965
941
949
963
960
946
959
977
971
964
958
963
967
968
971
971
973
952
950
957
956
943
968
947
949
966
948
965
953
958
954
968
952
976
970
941
966
957
965
950
952
966
956
956
956
938
956
943
935
929
947
955
951
952
959
952
958
946
945
959
956
941
931
960
947
930
962
938
958
952
957
958
954
957
949
948
940
943
957
949
940
968
938
956
960
951
932
946
955
952
941
949
943
952
944
950
947
945
963
945
966
957
948
957
942
940
944
958
963
954
956
940
945
945
954
949
949
947
957
949
955
959
975
964
942
956
975
943
954
958
945
939
950
963
956
948
934
964
965
959
944
967
972
966
956
970
935
963
944
955
963
953
947
949
957
952
969
955
959
942
960
955
943
942
944
947
961
934
951
941
950
949
949
938
953
937
945
939
939
945
958
935
957
950
954
904
940
938
922
933
933
957
965
948
940
942
950
940
951
948
945
927
957
947
936
957
948
949
952
936
956
950
951
951
963
940
942
951
963
938
947
944
966
941
944
952
961
959
955
948
948
943
928
944
960
949
957
937
961
946
952
944
962
941
962
948
968
947
949
956
964
942
961
935
943
945
941
967
961
957
949
963
947
964
931
955
945
920
936
934
944
943
935
927
931
937
945
949
956
952
943
951
958
949
957
946
954
970
948
957
940
938
960
951
955
929
943
947
944
949
934
931
936
952
937
942
948
946
925
930
942
946
948
931
950
940
948
941
931
947
913
935
951
940
948
927
950
943
935
942
943
938
934
941
933
950
935
939
942
932
944
937
946
947
948
947
946
937
964
943
948
935
955
960
951
951
940
927
936
944
936
942
949
941
959
947
957
955
935
935
958
956
951
932
948
938
943
927
936
946
958
931
943
949
948
966
945
950
945
957
942
940
948
944
950
931
935
935
939
949
947
956
959
951
955
944
949
946
940
951
938
945
946
946
932
944
940
948
955
958
943
952
941
952
941
941
943
939
938
941
953
941
932
933
942
925
952
942
963
948
954
931
949
943
935
940
945
952
939
942
929
934
947
938
946
947
942
961
944
930
927
928
936
958
926
919
938
948
938
917
935
939
927
933
944
956
907
939
945
929
938
948
917
923
925
913
937
947
922
941
911
931
934
935
948
929
947
944
941
927
934
922
935
941
922
943
950
922
934
931
939
946
929
938
926
935
943
933
933
946
931
937
933
941
933
930
949
946
941
934
949
934
928
931
946
947
950
929
953
946
946
945
955
951
940
943
939
933
921
951
931
926
934
944
941
960
924
929
929
934
928
938
919
920
925
935
926
942
937
931
945
939
943
930
945
936
931
925
948
926
928
929
926
933
935
894
934
923
925
926
941
919
929
931
921
923
919
927
915
949
923
944
930
930
928
942
939
934
914
938
951
947
933
932
954
945
939
945
947
945
944
922
948
943
927
945
929
941
943
940
934
943
930
935
925
943
933
941
934
939
945
941
938
940
937
943
930
934
948
941
946
946
933
934
928
941
934
942
926
925
928
932
933
930
927
935
912
926
919
924
914
921
916
913
940
929
926
930
922
930
919
951
937
932
935
947
925
917
926
926
926
931
925
939
927
946
943
929
949
932
931
937
935
926
943
935
929
951
934
932
942
930
934
921
944
929
929
925
930
910
893
920
928
932
932
923
928
924
919
909
921
919
932
913
933
935
920
922
928
932
918
941
931
911
948
941
924
928
938
934
923
935
915
938
931
935
914
936
926
925
931
920
930
931
930
909
922
906
919
920
928
923
917
933
920
915
923
912
919
925
909
925
932
920
933
902
933
937
930
922
945
948
931
929
930
927
931
922
916
935
930
936
931
922
935
930
934
937
936
932
935
933
938
908
924
922
917
912
926
926
941
931
931
919
908
925
913
908
917
920
930
908
932
905
918
900
908
915
934
910
923
885
902
920
914
908
923
922
899
930
922
913
926
928
910
904
919
903
914
903
932
915
899
904
919
927
902
926
913
912
918
921
920
909
918
917
922
928
927
937
921
904
918
913
895
920
918
916
906
906
911
905
917
915
915
924
930
934
925
927
916
921
909
931
933
924
925
929
902
937
918
936
928
922
920
935
928
930
908
914
924
918
919
922
921
913
903
911
912
924
914
925
908
919
919
908
913
918
928
904
922
906
919
908
929
943
926
923
918
923
932
916
924
919
924
906
933
924
912
918
939
927
920
929
915
934
904
912
935
926
921
922
920
921
911
908
924
893
917
914
912
919
920
917
924
921
907
899
915
912
923
930
905
915
938
926
918
922
913
920
932
910
913
906
936
935
933
938
932
927
934
934
921
917
922
914
919
931
903
914
926
919
922
923
913
920
918
920
928
904
907
916
909
909
890
916
908
887
913
930
918
919
926
911
911
924
897
916
905
898
911
933
926
931
923
906
931
926
922
931
910
925
921
912
924
912
906
928
937
909
919
918
925
927
896
915
903
912
911
889
904
922
888
907
912
904
899
914
920
910
936
904
920
918
922
924
906
936
925
916
928
920
913
921
920
915
929
924
915
925
921
910
920
928
914
921
915
908
913
929
916
886
909
916
905
887
905
901
895
896
899
903
902
913
917
923
912
899
907
912
924
925
924
907
922
896
934
927
910
926
927
916
928
929
914
913
924
918
906
909
915
900
935
911
912
924
896
910
912
909
920
921
924
920
921
924
916
915
927
909
906
907
898
916
913
902
911
926
913
919
914
930
919
911
917
899
901
923
888
922
909
911
915
905
881
888
885
885
899
914
914
914
909
909
907
909
920
902
922
929
898
929
918
922
919
915
926
910
908
911
919
928
916
914
916
914
898
917
916
930
913
902
908
921
917
922
918
911
915
921
918
901
925
924
901
916
912
913
909
910
909
902
893
934
921
920
933
910
913
914
901
892
905
918
893
901
906
883
892
913
901
905
906
907
909
881
890
902
908
904
919
907
898
888
920
893
898
877
888
899
901
891
900
887
901
913
897
907
904
897
916
903
923
901
916
925
908
922
926
899
928
926
916
916
922
905
918
911
913
903
924
922
898
894
897
921
909
908
912
909
885
905
907
907
917
914
889
897
915
919
897
899
891
916
913
918
898
893
875
905
915
886
904
922
897
898
916
904
888
893
911
885
902
896
883
894
896
907
897
908
891
874
867
908
902
906
915
907
897
888
913
881
918
909
909
914
910
909
907
910
899
909
896
904
903
903
901
902
909
915
913
907
916
899
893
899
897
902
904
894
906
895
908
898
887
900
899
871
902
892
908
870
906
908
900
894
895
902
889
907
884
899
891
904
902
907
887
903
907
901
894
887
900
904
911
900
888
903
912
894
891
895
898
911
913
894
900
918
917
893
914
893
907
913
919
907
892
907
895
912
909
894
892
892
897
895
902
905
891
912
908
911
902
909
904
898
910
902
891
909
909
906
906
908
923
911
911
904
916
922
921
912
901
909
909
919
898
907
918
906
897
897
907
908
905
915
910
892
916
895
910
901
917
887
882
902
896
889
900
901
900
882
892
889
900
890
896
906
887
914
876
883
883
879
877
901
908
895
900
901
900
893
897
881
888
894
906
910
896
895
901
896
900
912
901
903
903
906
900
910
910
918
908
913
896
898
886
900
916
899
910
900
899
903
912
903
900
896
906
899
901
914
903
895
894
907
903
911
910
913
898
923
914
905
895
914
907
896
899
896
910
883
917
901
917
902
910
896
884
891
881
899
893
882
885
898
886
888
890
901
899
888
901
896
891
894
896
900
905
900
891
891
899
911
880
906
893
902
908
892
919
907
892
907
897
908
905
913
915
891
905
907
898
917
893
904
904
907
906
910
904
907
905
895
900
895
916
900
910
903
915
908
899
886
902
914
902
906
906
906
903
908
900
899
910
881
903
891
899
884
915
906
899
893
909
899
889
900
908
908
897
900
900
889
872
905
883
900
886
901
896
882
907
912
881
915
887
902
901
894
890
898
915
901
907
902
904
894
901
899
906
894
906
899
887
904
896
891
884
884
872
900
885
902
895
875
883
886
883
893
875
868
870
880
878
900
875
894
891
904
885
883
899
894
886
890
880
882
879
892
893
891
901
878
888
890
892
888
866
883
905
903
895
894
901
895
894
898
909
890
889
900
888
875
871
890
872
886
893
902
880
894
889
892
878
886
887
866
881
897
905
888
884
883
892
902
886
899
896
894
896
899
900
903
899
884
896
896
890
887
886
891
890
911
903
900
885
885
880
897
898
904
884
896
901
882
894
905
894
896
894
892
897
893
901
894
890
894
881
893
905
895
891
904
893
888
895
890
896
896
881
904
897
889
889
891
889
891
893
891
897
883
879
882
900
879
893
893
903
885
884
898
900
886
884
895
882
894
896
888
887
890
892
877
889
905
898
887
888
883
873
879
883
885
880
887
886
874
892
892
883
893
886
893
898
888
890
901
881
897
895
891
901
902
887
889
883
890
903
877
881
890
881
873
876
879
879
888
887
881
892
883
896
871
878
872
864
887
883
897
886
885
884
883
857
882
896
900
888
887
897
872
892
899
895
901
894
891
885
885
898
883
890
883
887
891
899
904
887
881
868
888
903
892
889
896
902
878
887
880
882
862
892
881
877
886
864
885
888
890
891
899
883
872
886
892
869
895
872
889
894
891
877
890
883
876
890
877
883
856
880
886
879
897
882
885
880
878
867
888
884
882
885
892
888
893
897
890
898
890
899
900
889
897
898
907
907
895
908
887
878
882
887
896
900
885
875
892
892
892
901
887
875
875
871
872
861
861
877
873
884
877
869
885
882
892
894
889
894
887
896
882
891
884
893
892
890
895
905
908
893
901
899
900
904
878
898
903
885
904
882
882
889
857
866
881
873
891
873
870
890
870
893
875
883
897
887
893
883
883
887
878
887
883
887
883
878
888
887
891
896
883
903
882
885
897
867
873
895
881
872
878
884
885
886
890
887
878
882
888
890
883
898
880
884
899
885
884
889
895
889
875
890
890
894
883
886
877
885
887
890
875
875
863
871
883
874
885
892
879
874
884
875
871
872
880
879
887
877
872
850
842
859
872
876
880
867
872
874
884
879
875
884
874
881
895
895
888
881
890
882
884
874
886
887
884
890
886
878
906
885
893
884
875
885
886
906
895
899
882
886
895
890
885
893
894
895
894
878
890
875
890
876
880
880
894
890
865
863
867
869
886
889
863
883
884
877
890
888
887
896
884
880
883
886
894
898
895
896
896
893
884
887
890
886
890
889
883
895
872
883
883
877
882
877
888
865
866
863
877
883
884
897
897
889
885
893
896
895
886
891
896
897
887
882
891
886
880
891
888
884
880
860
874
836
849
864
881
885
882
889
884
898
883
890
901
885
891
883
893
893
890
892
887
882
886
878
893
894
888
891
889
871
889
877
887
893
866
880
859
854
867
857
880
876
871
866
883
865
879
863
877
881
890
887
897
889
895
877
887
889
892
890
899
898
888
896
874
882
885
885
883
877
888
873
879
883
874
883
880
885
887
881
881
875
862
875
871
854
876
878
869
875
877
870
888
883
877
890
885
873
881
878
868
893
888
892
895
887
890
892
891
895
880
881
892
889
892
888
879
886
888
892
893
884
863
891
885
891
888
875
877
890
882
871
856
866
867
876
865
877
860
875
884
877
862
881
879
883
891
863
874
873
890
885
891
886
885
890
889
888
878
888
884
871
887
871
890
864
864
863
855
874
870
865
835
878
863
889
871
889
884
891
888
879
877
884
886
885
882
885
891
887
879
888
891
880
889
877
883
880
882
887
870
861
870
878
867
858
857
865
871
858
862
875
868
850
884
876
874
885
883
878
886
889
886
877
874
888
890
880
886
890
893
887
887
880
893
870
887
889
875
875
881
875
881
877
891
880
881
884
886
876
875
891
876
874
884
884
881
874
872
861
876
881
868
849
863
868
860
858
833
858
843
865
871
877
878
878
871
865
879
879
877
880
875
884
883
896
895
887
874
888
884
877
880
890
888
885
885
892
873
892
885
880
892
885
885
885
875
890
896
897
887
882
879
880
884
886
893
886
876
883
887
887
873
887
892
889
880
885
870
876
886
881
875
871
878
886
885
883
887
887
870
880
875
875
876
878
884
879
876
872
880
887
875
881
887
879
886
888
880
866
881
865
877
886
888
879
871
874
885
887
881
885
871
868
880
891
883
889
886
879
891
883
881
891
888
888
892
891
881
881
883
883
888
884
881
884
878
878
875
879
884
871
885
889
874
867
881
871
878
885
872
880
885
888
871
877
876
875
864
883
880
875
885
880
870
872
874
874
845
860
860
853
846
861
871
867
864
861
870
855
858
853
850
856
857
875
867
860
872
854
863
862
863
854
862
846
864
859
858
866
856
854
849
851
855
862
857
870
874
875
864
867
864
841
871
864
857
858
864
865
859
874
874
875
871
861
867
873
871
870
880
877
869
884
869
878
867
868
879
873
873
875
878
871
877
879
870
884
879
869
885
883
885
882
886
881
876
874
875
884
881
885
879
875
875
883
874
877
882
877
884
887
873
874
867
878
880
881
884
880
875
863
877
882
875
866
880
887
877
877
882
873
879
881
882
877
877
872
881
874
873
864
863
872
864
887
879
860
864
861
859
869
851
861
863
877
872
871
878
877
874
860
861
856
837
860
854
851
853
859
855
868
875
868
870
871
868
847
861
860
883
872
870
870
879
868
873
873
864
876
877
873
874
875
874
875
884
867
872
882
874
874
877
873
880
871
879
874
881
865
884
878
876
876
880
884
886
865
881
886
884
871
883
875
877
870
881
875
876
871
876
864
872
868
866
871
868
845
848
853
845
868
847
875
859
871
858
863
875
876
872
868
877
875
870
859
871
881
870
873
880
875
874
874
865
875
869
878
873
881
882
877
883
878
861
873
881
864
872
875
865
860
873
861
865
851
856
865
859
842
836
846
839
863
831
849
853
860
868
861
867
863
874
848
863
868
874
864
877
876
870
876
868
873
878
881
877
874
874
879
874
882
879
866
879
877
880
883
883
873
883
880
874
855
869
872
866
872
862
882
881
871
874
862
864
876
870
871
874
878
880
871
879
873
874
860
876
870
866
878
876
868
868
864
872
877
872
867
874
882
868
871
869
875
879
871
866
868
875
850
880
868
864
876
864
862
876
870
857
872
866
862
867
868
870
860
862
865
866
865
854
870
858
863
863
872
856
857
860
859
859
857
880
866
870
859
868
867
867
860
865
866
860
868
876
869
873
866
875
869
857
872
857
863
871
863
855
868
873
869
859
863
869
874
872
877
876
867
875
866
878
872
864
868
877
861
876
869
870
873
859
867
864
869
866
872
875
872
876
867
860
872
877
873
869
862
851
868
870
867
873
864
861
857
861
864
869
862
866
869
870
871
865
860
869
856
867
861
864
861
870
862
863
868
857
866
865
863
858
869
873
858
849
864
869
873
869
861
876
874
869
869
865
860
864
866
858
861
866
873
874
867
873
864
857
862
857
854
866
865
864
871
867
858
869
861
868
870
858
867
864
868
865
865
861
861
869
859
870
852
866
870
861
860
869
865
852
869
862
863
868
872
864
863
874
874
861
867
858
868
867
865
867
871
856
865
868
862
868
870
871
857
866
863
861
857
867
867
857
861
862
869
869
857
854
871
859
868
856
863
860
862
858
869
867
864
864
867
868
861
862
866
867
860
863
868
866
861
856
866
865
854
860
861
868
855
870
867
867
863
860
854
860
867
856
864
869
858
867
861
867
867
860
863
867
852
864
854
864
866
864
863
862
859
839
860
865
869
860
844
861
863
859
869
863
864
852
852
853
862
863
869
866
847
864
862
854
865
866
861
870
856
853
859
864
864
868
849
861
861
853
864
864
866
857
862
861
849
859
861
867
850
868
859
868
864
865
870
867
866
862
860
865
865
866
862
867
863
862
869
860
862
860
865
872
863
866
868
868
859
862
863
872
859
861
868
867
862
868
861
869
865
865
866
864
858
868
869
852
872
860
868
868
860
864
863
863
851
864
874
851
857
865
854
856
862
861
864
865
861
864
865
861
865
866
850
863
865
857
853
865
862
866
866
861
850
858
854
860
845
858
861
851
856
858
848
852
857
861
863
863
862
862
861
862
856
860
861
860
858
860
865
857
866
856
860
862
849
864
853
859
858
861
861
852
850
844
869
862
861
859
851
861
864
867
867
863
862
845
859
863
865
865
863
859
863
861
866
865
863
857
860
856
859
863
853
860
861
847
863
839
859
848
868
862
863
856
864
859
865
859
854
857
856
858
861
858
853
851
850
846
848
857
856
860
864
852
865
865
868
855
852
864
846
853
869
866
870
862
861
864
864
866
858
863
857
863
864
864
857
847
858
856
856
852
861
864
859
862
858
861
858
861
843
853
860
849
852
854
859
861
857
857
856
860
844
858
853
856
857
861
860
858
862
854
857
856
854
859
850
861
861
859
855
851
842
847
860
861
852
858
860
849
860
857
860
842
859
862
862
854
855
862
847
860
852
861
856
858
863
858
858
866
864
849
851
855
867
862
858
838
841
843
849
864
856
854
857
855
863
850
857
846
865
864
860
849
860
847
858
858
849
857
851
853
863
851
854
851
861
858
851
860
856
859
854
847
851
855
851
853
862
863
861
859
850
855
858
859
858
852
862
855
862
862
857
854
853
858
854
857
855
854
852
861
857
859
843
856
851
838
848
857
859
857
860
846
852
855
847
850
857
852
857
843
856
856
854
855
853
857
848
856
859
860
854
845
858
845
847
840
837
853
855
860
857
851
858
844
867
846
854
856
857
858
860
857
852
848
850
855
866
855
854
849
852
858
856
856
840
842
846
853
856
845
866
848
849
860
848
849
859
839
843
848
853
852
857
850
859
859
847
852
854
858
847
858
848
844
849
857
845
855
855
852
848
862
847
853
860
849
852
853
853
853
858
850
851
855
855
859
849
847
853
861
862
848
856
851
848
861
848
856
847
850
860
845
856
848
842
845
840
853
845
843
847
847
847
857
845
852
850
856
846
839
840
835
850
848
854
842
858
858
856
839
848
851
860
858
860
847
848
848
845
841
840
846
853
858
848
838
852
849
859
851
843
861
851
846
852
857
838
849
850
839
859
846
844
849
841
858
842
844
846
855
847
850
841
851
848
851
853
858
847
851
859
857
856
846
854
849
850
858
857
854
851
858
848
853
852
850
845
847
842
808
848
848
844
835
853
840
854
856
846
853
840
838
848
857
848
845
850
849
854
854
845
860
853
857
861
851
845
855
852
828
848
853
842
836
848
853
842
846
839
834
849
845
817
842
845
837
852
821
839
838
843
849
849
843
846
839
843
847
849
845
839
833
856
846
844
847
852
849
846
851
850
842
847
847
858
853
853
839
834
848
856
843
860
846
849
851
846
849
847
841
853
847
854
845
835
851
849
833
840
837
837
847
821
847
850
845
844
854
855
852
828
852
854
844
851
849
844
850
850
850
840
851
852
855
855
849
835
842
852
848
850
848
845
853
836
834
861
835
850
849
837
841
844
847
846
839
855
828
839
849
839
852
848
850
850
850
841
848
848
844
850
850
852
851
849
835
863
843
848
844
846
855
852
834
846
842
850
851
837
846
834
841
848
852
848
847
845
853
838
853
843
849
842
852
843
844
837
838
852
833
850
846
848
840
842
839
840
847
845
839
838
844
851
839
841
841
836
841
846
840
844
844
849
833
854
852
849
848
839
844
850
850
844
839
843
839
836
838
850
838
842
844
847
848
836
844
856
849
845
849
842
847
850
845
846
849
842
848
849
833
845
846
835
849
848
845
842
845
838
834
839
844
833
841
833
846
831
826
850
837
841
833
849
837
835
834
839
845
840
834
845
842
848
843
851
846
843
850
845
843
840
848
848
834
842
848
846
852
832
851
847
848
830
848
848
843
851
835
847
851
842
843
838
845
847
845
841
842
847
842
844
841
842
834
843
835
844
835
847
835
834
834
845
843
842
836
844
843
852
837
845
845
836
837
845
838
841
844
837
844
844
830
846
837
835
839
844
847
848
841
846
844
847
839
844
852
838
840
841
843
828
838
848
846
840
847
839
847
843
844
846
845
832
841
845
847
838
847
839
831
837
832
844
846
844
835
833
831
839
842
841
847
840
842
847
849
841
839
844
840
850
846
832
845
846
835
847
837
840
837
842
842
845
837
839
841
841
828
835
844
840
842
839
832
846
829
834
838
848
839
845
850
845
847
835
833
832
825
839
843
831
838
837
832
840
825
831
833
847
834
836
843
844
843
844
839
847
845
842
847
843
842
834
845
841
838
848
849
847
825
848
847
842
842
836
844
853
846
839
846
845
842
843
848
847
838
848
839
847
842
841
843
834
837
843
841
846
849
835
831
843
838
831
839
832
836
852
849
834
841
847
838
847
845
833
837
843
842
853
840
844
848
850
832
833
850
843
851
840
838
846
834
824
835
840
837
841
837
845
836
846
839
835
841
833
837
844
838
842
840
848
846
840
845
832
834
833
841
839
835
845
840
845
838
843
825
847
834
828
838
842
843
846
834
843
842
844
846
843
840
844
844
845
845
844
844
839
840
845
845
848
845
844
839
846
827
841
844
846
843
841
840
834
836
845
843
840
835
844
840
836
842
845
826
843
831
835
845
833
836
828
843
843
836
835
821
838
837
836
833
842
834
835
842
840
845
841
842
836
825
840
838
831
836
839
844
835
844
845
841
841
843
834
842
833
835
839
846
847
848
841
832
840
845
845
841
829
839
843
840
839
841
837
837
842
831
843
842
846
841
839
840
837
831
834
831
841
832
825
838
839
842
837
842
842
845
842
835
836
845
843
844
836
841
844
842
845
850
843
842
843
845
831
849
844
841
838
842
846
844
838
840
837
829
844
843
839
841
835
844
843
847
829
843
842
836
839
829
832
842
841
843
833
842
835
838
820
836
835
833
838
840
838
835
843
834
841
841
840
839
843
845
842
845
840
841
837
838
841
842
841
843
836
840
840
831
844
844
835
834
844
839
843
841
840
840
841
840
843
841
842
843
842
842
841
841
845
844
842
833
841
842
837
835
835
842
841
837
825
839
835
833
832
831
837
839
842
839
841
843
839
842
839
835
842
842
841
833
841
841
841
835
835
833
840
842
843
843
841
827
840
841
835
841
838
844
835
840
840
843
841
843
839
844
836
840
842
838
840
841
839
840
838
845
839
835
840
841
833
837
840
834
831
837
837
844
827
834
834
838
841
838
838
831
837
836
829
840
840
837
838
838
832
837
840
844
838
840
836
838
831
837
836
838
841
835
842
835
841
840
838
843
839
841
838
837
841
838
832
835
842
841
838
840
838
834
837
833
843
840
836
839
833
836
831
833
826
831
835
837
838
836
829
832
835
837
835
836
837
839
836
834
834
835
836
838
829
840
834
839
840
839
833
839
839
840
838
841
833
839
836
840
839
838
837
838
829
835
841
837
840
837
840
838
840
832
839
835
838
839
836
835
831
828
836
833
831
835
832
831
840
837
835
832
832
829
839
831
837
838
839
839
831
834
839
837
836
829
836
835
840
836
833
829
825
839
830
842
840
835
836
841
836
836
834
840
839
836
835
836
840
839
840
839
841
836
838
835
844
837
842
834
837
833
834
835
829
836
833
825
831
840
827
835
835
832
834
833
834
831
828
832
834
831
833
831
825
826
836
837
835
832
834
834
819
829
833
829
836
822
829
832
828
831
835
835
828
833
828
823
828
836
833
841
836
841
833
832
836
836
840
835
834
831
835
822
828
835
837
836
835
834
839
838
838
826
832
837
833
834
836
836
835
840
838
835
835
835
833
835
833
840
836
836
836
837
835
831
831
835
835
835
833
836
835
836
832
834
822
832
833
834
835
835
834
834
832
833
829
832
833
833
832
832
831
834
833
832
835
833
827
831
832
833
831
830
832
831
826
835
837
834
833
837
836
835
839
838
834
836
834
833
838
837
835
837
836
834
835
836
831
831
833
835
833
832
835
830
830
832
834
830
834
831
837
829
829
831
825
834
832
831
832
833
820
830
830
828
836
831
833
834
829
833
830
830
837
835
823
828
828
829
830
833
832
829
834
823
829
835
830
831
829
828
834
830
831
835
834
828
830
822
832
834
834
834
832
823
833
826
829
834
825
825
829
833
829
832
835
836
834
833
832
828
830
833
829
834
828
831
827
835
832
830
836
832
835
834
835
835
819
827
831
830
827
832
835
832
831
836
832
834
835
832
831
837
833
838
829
833
829
836
832
829
827
834
833
833
829
834
833
824
823
820
824
824
830
827
830
830
817
828
829
825
826
825
827
827
828
831
830
831
830
827
833
828
832
830
830
829
832
831
825
833
831
825
829
830
825
829
825
829
825
823
824
829
829
828
829
830
828
827
827
828
829
829
827
833
831
830
829
832
824
826
837
827
825
833
830
824
829
833
830
829
833
827
836
829
835
835
833
831
832
835
830
831
833
834
829
834
826
830
828
835
819
830
830
824
832
832
833
829
831
831
823
828
828
830
831
827
828
825
832
826
827
831
832
829
827
827
831
833
832
828
832
826
828
832
830
831
830
834
829
827
831
835
829
831
833
832
830
828
831
828
819
822
831
830
826
828
823
823
824
830
829
823
828
825
830
825
827
830
828
829
833
829
831
832
826
830
834
831
829
831
831
832
831
831
832
832
832
831
831
830
830
828
828
825
829
829
832
831
828
828
827
823
827
823
826
820
827
828
828
826
826
828
823
825
826
829
827
824
827
826
825
827
828
828
825
828
829
826
828
829
827
823
825
828
824
827
831
827
827
821
828
829
826
827
824
830
830
827
829
830
825
827
826
827
828
830
827
828
831
831
828
828
828
824
828
827
828
825
829
828
824
829
826
827
831
826
828
826
828
830
827
828
826
821
827
827
825
828
824
827
824
829
822
828
828
821
831
829
829
821
827
830
821
829
828
828
831
828
830
831
832
827
830
830
825
828
829
820
827
828
828
825
822
821
829
824
831
829
823
829
823
823
823
826
828
826
824
824
824
821
823
824
820
824
824
826
823
827
818
824
816
823
824
819
824
824
829
825
824
826
827
823
824
827
824
825
826
831
828
828
826
825
825
826
825
828
828
830
827
828
828
821
827
817
827
827
828
822
826
827
823
814
824
827
824
826
825
824
827
826
823
825
824
824
825
826
828
823
826
827
826
832
824
829
826
825
826
826
822
824
826
825
824
822
824
824
821
824
824
827
825
826
825
821
823
824
828
825
824
822
822
823
824
824
820
827
821
824
824
820
820
817
815
823
816
823
825
822
823
822
819
824
825
825
823
825
819
830
828
828
827
827
824
826
821
828
829
827
821
820
829
822
824
824
825
822
826
823
825
817
824
820
823
820
821
819
823
818
822
822
825
821
821
814
817
822
820
824
825
822
825
824
822
824
826
828
826
824
824
823
824
821
819
821
821
822
821
821
826
825
820
820
821
821
824
821
823
819
826
819
824
822
825
824
819
824
827
825
826
827
829
826
826
829
822
826
823
825
826
824
820
824
822
821
820
820
821
821
817
819
819
824
823
819
823
824
823
825
826
820
823
827
823
824
822
823
826
822
830
823
822
820
822
823
822
819
822
813
820
825
819
820
825
820
823
821
820
816
817
822
821
815
820
822
815
822
824
817
823
822
821
823
824
825
823
825
825
819
823
821
820
823
824
816
817
819
817
820
823
823
826
824
824
826
822
820
824
821
822
820
825
822
821
821
819
819
820
818
819
818
819
822
815
819
819
821
822
818
821
825
823
824
826
825
827
822
818
822
819
821
820
823
820
824
823
821
824
824
823
821
817
821
822
822
819
818
818
816
818
815
819
815
818
824
820
818
819
814
824
822
821
826
824
824
826
822
825
823
820
819
820
825
823
824
823
814
817
815
815
815
816
821
819
820
816
817
816
812
818
817
819
821
821
823
821
826
819
819
821
822
820
819
822
819
817
818
817
816
818
818
819
819
817
820
817
816
822
817
814
820
822
822
824
825
823
821
822
821
824
822
822
825
820
820
825
822
821
818
822
817
817
822
818
816
815
816
815
817
813
816
817
815
815
818
819
814
820
818
820
822
816
818
821
823
822
823
824
816
824
819
821
822
820
819
821
821
818
818
819
817
816
817
818
818
820
817
816
819
819
817
816
816
817
819
815
819
819
820
819
817
820
822
821
819
816
819
816
818
817
817
822
822
820
816
819
821
820
820
819
819
820
811
820
822
821
818
821
817
822
822
819
819
817
818
821
818
819
820
814
819
819
818
820
817
822
819
822
816
818
820
818
815
816
815
818
817
817
817
817
815
818
817
813
812
819
814
815
816
821
816
820
817
817
821
817
820
819
820
823
817
817
817
816
821
821
821
819
819
821
817
822
819
823
818
814
819
819
822
819
819
820
819
813
817
822
816
819
819
816
817
819
812
818
812
818
814
813
814
816
818
817
814
816
819
808
817
817
813
818
817
818
817
816
817
816
818
821
818
817
819
815
816
817
819
819
818
817
818
816
816
818
816
815
817
818
818
814
821
816
816
817
817
818
818
819
816
821
817
816
819
816
819
813
819
820
814
819
820
817
819
815
817
819
816
818
819
816
818
815
819
818
819
819
813
816
816
818
817
815
815
817
816
815
812
814
815
818
813
816
819
814
813
814
814
816
811
817
821
817
816
818
819
817
815
817
817
817
817
815
819
814
817
815
813
817
815
818
818
816
815
813
812
809
815
812
810
815
812
814
813
811
815
812
806
810
806
816
811
808
814
812
814
810
812
813
816
815
813
818
816
818
815
812
815
818
813
817
817
816
820
816
816
815
815
817
815
814
818
816
813
814
814
816
813
816
813
816
815
817
815
815
815
813
813
812
812
812
812
813
810
813
814
814
812
811
812
812
812
813
817
814
811
812
812
814
813
813
817
813
817
816
816
815
817
813
814
815
817
818
816
815
816
814
814
810
813
816
815
816
815
816
816
815
815
816
811
811
815
815
818
810
815
812
815
816
815
815
815
812
813
815
815
816
813
815
813
815
813
815
817
817
813
814
816
818
811
810
814
814
814
815
810
813
813
814
815
811
812
814
815
814
815
817
817
816
806
814
815
816
813
815
811
813
811
811
813
812
814
810
816
813
811
813
813
813
814
812
815
814
813
816
815
816
815
814
813
811
816
815
813
814
812
812
805
806
806
813
812
809
810
811
813
813
811
812
812
817
816
815
816
818
812
814
812
812
815
813
811
814
815
813
815
812
809
813
814
813
812
808
810
808
809
812
810
808
809
810
812
812
811
809
807
811
808
810
807
808
811
811
812
814
815
812
814
813
813
807
806
805
813
812
811
815
810
815
811
814
811
815
810
811
811
816
814
811
811
811
813
813
813
816
814
811
813
811
814
811
812
807
813
812
811
812
808
810
810
806
806
809
809
812
813
811
810
808
810
812
806
808
812
807
813
807
810
805
810
808
808
811
809
807
809
805
805
809
808
809
810
803
807
807
809
810
812
809
807
814
812
812
810
808
811
814
812
813
813
813
809
813
815
808
814
808
812
812
812
812
814
812
815
808
814
810
812
812
810
809
813
811
809
810
811
806
813
807
809
809
809
811
802
813
807
812
811
809
810
813
810
806
810
807
811
809
810
803
812
805
804
809
808
811
810
812
809
811
810
810
807
810
811
812
809
814
811
809
813
808
807
807
807
810
810
814
810
809
810
811
813
812
807
812
808
808
812
807
809
812
812
808
808
802
803
803
804
805
806
804
806
808
803
808
810
807
812
810
813
813
805
808
810
807
807
809
805
809
807
808
807
806
806
804
804
803
799
804
801
807
805
803
805
808
807
806
810
809
807
809
808
807
809
806
807
809
810
811
809
809
807
812
805
805
807
808
809
813
813
810
810
812
808
804
811
810
812
811
811
811
807
810
808
812
809
807
810
809
806
808
808
812
811
811
807
812
812
810
807
806
809
809
808
810
808
810
810
810
809
813
810
811
812
807
808
812
807
809
808
810
813
810
807
808
809
809
809
811
808
804
807
808
807
799
810
808
804
806
806
808
809
803
806
806
804
805
805
808
809
810
806
805
806
807
805
808
806
810
809
809
803
808
804
807
804
810
809
803
810
806
804
808
807
805
808
804
806
813
812
804
807
806
808
809
810
810
804
812
805
807
807
807
810
808
805
808
806
806
808
806
812
809
809
803
807
804
806
813
809
808
810
809
807
810
807
810
810
811
814
810
805
808
811
806
807
809
806
806
809
811
812
807
813
813
809
807
808
805
806
806
808
805
807
808
810
808
806
810
812
806
810
808
808
804
806
805
809
806
803
807
809
809
803
801
806
806
806
804
810
801
805
802
802
802
805
805
803
807
804
802
801
796
807
804
800
802
807
804
805
808
803
804
799
802
803
809
802
805
804
803
804
807
801
800
797
797
798
800
800
806
800
800
801
805
803
806
803
801
804
805
805
810
803
804
798
800
802
803
800
799
799
805
803
803
800
800
803
789
801
802
804
803
801
802
797
801
803
805
802
802
802
800
804
793
798
800
800
804
800
801
806
810
807
807
806
803
809
808
810
801
809
803
807
804
808
803
808
802
806
806
810
804
804
804
804
806
808
804
804
804
812
803
808
804
801
805
808
806
805
803
804
803
804
808
805
800
802
806
804
803
804
805
803
800
806
802
807
801
805
808
809
806
805
808
805
806
807
808
806
808
807
801
807
804
804
803
805
802
806
804
806
807
807
805
806
803
805
804
804
808
805
805
803
808
806
806
807
807
805
807
807
805
807
805
806
806
802
804
807
806
803
801
805
803
801
800
802
800
799
795
799
800
800
802
803
799
801
804
801
802
802
803
804
800
798
798
798
801
800
801
800
802
804
803
798
795
803
796
800
800
798
805
798
803
804
800
801
802
806
798
799
797
801
801
804
801
801
800
797
800
794
795
798
800
801
800
795
799
795
796
800
798
796
797
795
797
799
802
795
795
801
800
804
801
801
801
794
802
804
804
804
805
803
806
806
800
803
805
803
800
803
802
803
803
801
803
800
805
804
804
801
805
803
803
801
803
803
803
802
801
805
801
804
799
799
802
796
796
799
799
797
798
799
799
799
794
798
797
797
803
802
803
802
802
804
805
803
801
805
806
802
808
806
801
806
801
804
805
804
804
805
805
804
804
805
802
805
802
802
802
802
805
804
801
800
800
801
801
804
799
801
798
803
801
799
798
803
800
802
800
798
803
804
800
800
798
796
793
796
799
798
795
798
799
802
795
796
801
801
802
803
803
799
803
803
803
801
801
802
800
800
803
801
799
801
804
800
802
798
800
798
799
797
798
798
799
794
800
799
799
797
795
792
799
794
795
797
801
794
798
797
797
799
797
799
801
802
803
802
803
803
800
801
805
798
802
797
797
796
799
798
799
797
796
794
793
799
795
792
798
794
797
799
800
798
801
801
796
802
799
799
798
803
803
799
802
797
796
796
793
798
796
798
795
796
797
785
796
797
798
800
800
802
794
801
800
797
799
801
798
797
801
799
797
794
794
795
793
796
798
798
802
803
797
799
800
799
800
798
798
797
798
800
798
802
797
797
795
794
793
796
792
794
794
791
799
798
797
797
798
799
802
801
801
801
799
798
799
796
801
794
795
799
792
792
793
793
795
790
797
797
798
802
803
802
799
798
803
800
801
795
796
800
796
798
794
800
799
793
787
790
792
794
795
793
789
794
795
795
801
797
797
800
801
802
799
797
794
794
796
795
795
791
793
797
796
797
793
795
797
797
796
798
799
797
802
796
799
797
796
798
796
797
795
797
797
797
796
795
793
790
795
793
796
797
798
791
796
798
799
798
799
800
797
799
798
800
797
797
798
798
797
797
796
799
796
796
799
795
796
799
799
796
794
792
794
795
800
792
799
800
803
800
803
798
800
794
799
799
795
798
796
797
799
798
800
801
795
801
795
796
797
799
800
798
798
797
795
791
795
796
792
799
794
797
797
792
794
794
795
797
798
798
798
799
796
798
800
799
800
799
801
801
794
800
798
799
796
800
796
800
802
798
799
799
799
801
793
792
799
793
800
798
795
798
789
790
795
791
787
790
794
791
792
792
791
792
792
796
791
797
792
794
794
793
796
795
796
795
796
793
797
801
795
790
796
793
795
796
795
796
796
796
795
796
802
800
796
798
797
792
798
795
797
794
797
798
798
797
796
796
800
794
794
794
799
798
794
797
800
796
795
794
796
792
793
797
796
795
796
798
800
803
794
800
792
793
794
798
794
791
794
795
794
795
796
792
794
799
793
791
787
790
790
785
791
788
791
791
786
787
792
788
794
791
791
789
791
796
798
797
799
797
802
795
796
796
798
798
801
798
799
800
797
792
793
797
798
797
795
794
796
796
794
797
788
795
797
799
793
792
797
797
795
797
796
797
795
798
795
798
795
794
796
799
793
798
797
792
801
796
793
793
789
792
792
788
791
791
794
793
792
790
790
791
792
790
794
791
794
789
787
793
796
793
795
796
791
794
790
791
788
789
792
792
792
784
783
785
784
786
787
788
790
789
784
788
788
788
787
787
790
796
795
796
794
795
792
793
796
797
793
794
794
796
791
790
792
791
795
796
795
792
793
794
794
798
790
796
797
793
798
791
792
793
796
789
786
793
792
794
789
790
793
791
787
791
795
789
797
793
792
791
787
792
789
787
795
792
794
789
788
790
790
790
791
788
787
783
783
787
790
787
791
789
790
794
786
789
790
790
789
789
791
796
791
793
793
793
798
790
795
794
796