0
132
259
387
515
642
773
901
1029
1155
1282
1409
1536
1665
1791
1920
2049
2176
2302
2429
2556
2688
2817
2947
3077
3202
3329
3459
3584
3711
3838
4008
4147
4273
4399
4528
4662
4788
4915
5041
5169
5303
5430
5559
5686
5814
5947
6078
6208
6333
6458
6588
6714
6840
6966
7092
7220
7350
7474
7600
7726
7853
7977
8109
8241
8366
8492
8619
8745
8871
8997
9122
9453
9580
9707
9834
9959
10084
10210
10336
10463
10589
10715
10846
10972
11098
11227
11354
11482
11609
11735
11861
11987
12114
12256
12383
12510
12637
12782
12909
13036
13162
13290
13419
