792.0 23.22195295978989
796.0 23.561795440299342
800.0 23.886095241489105
804.0 24.20413900849987
808.0 24.518145854183093
812.0 24.829170797203695
816.0 25.137833547655752
820.0 25.444542186523428
824.0 25.749585743216876
828.0 26.053179600339224
832.0 26.35549040792747
836.0 26.65665090125163
840.0 26.95676926759729
844.0 27.255935357566038
848.0 27.554224966205812
852.0 27.851702879409128
856.0 28.148425100559084
860.0 28.444440515604455
864.0 28.7397921629734
868.0 29.034518218891055
872.0 29.328652773524816
876.0 29.62222645061301
880.0 29.915266908096637
884.0 30.207799246981068
888.0 30.49984634851026
892.0 30.791429154687247
896.0 31.08256690354576
900.0 31.373277327931635
904.0 31.663576824595435
908.0 31.953480598932128
912.0 32.243002789594
916.0 32.532156576352804
920.0 32.82095427393043
924.0 33.109407414004764
928.0 33.397526817193786
932.0 33.68532265650146
936.0 33.97280451345291
940.0 34.25998142794081
944.0 34.546861942638614
948.0 34.833454142699786
952.0 35.119765691351624
956.0 35.40580386190007
960.0 35.69157556658607
964.0 35.97708738267074
968.0 36.26234557607376
972.0 36.547356122844775
976.0 36.83212472871013
980.0 37.1166568469057
984.0 37.40095769447919
988.0 37.685032267222404
992.0 37.968885353374255
996.0 38.25252154621829
1000.0 38.53594525568371
1004.0 38.81916071904648
1008.0 39.1021720108159
1012.0 39.38498305188258
1016.0 39.667597617995426
1020.0 39.950019347627986
1024.0 40.232251749287954
1028.0 40.51429820831838
1032.0 40.79616199323363
1036.0 41.07784626162952
1040.0 41.359354065702355
1044.0 41.64068835740905
1048.0 41.921851993296556
1052.0 42.20284773902704
1056.0 42.483678273622054
1060.0 42.76434619344728
1064.0 43.044854015957355
1068.0 43.32520418321844
1072.0 43.605399065224844
1076.0 43.88544096302445
1080.0 44.16533211166656
1084.0 44.44507468298447
1088.0 44.72467078822433
1092.0 45.00412248053061
1096.0 45.28343175729787
1100.0 45.56260056239759
1104.0 45.841630788288455
1108.0 46.12052427801733
1112.0 46.399282827118064
1116.0 46.6779081854146
1120.0 46.95640205873415
1124.0 47.2347661105361
1128.0 47.51300196346179
1132.0 47.791111200809674
1136.0 48.06909536794068
1140.0 48.34695597361741
1144.0 48.62469449128136
1148.0 48.90231236027149
1152.0 49.17981098698762
1156.0 49.45719174600157
1160.0 49.73445598111914
1164.0 50.01160500639532
1168.0 50.28864010710572
1172.0 50.565562540676
1176.0 50.84237353757203
1180.0 51.11907430215256
1184.0 51.395666013486384
1188.0 51.67214982613588
1192.0 51.948526870908665
1196.0 52.22479825557876
1200.0 52.50096506557915
1204.0 52.77702836466675
1208.0 53.05298919556142
1212.0 53.32884858056021
1216.0 53.604607522127864
1220.0 53.88026700346495
1224.0 54.15582798905457
1228.0 54.43129142518859
1232.0 54.70665824047434
1236.0 54.981929346322865
1240.0 55.25710563741927
1244.0 55.532187992176276
1248.0 55.80717727317135
1252.0 56.082074327568634
1256.0 56.35687998752586
1260.0 56.63159507058714
1264.0 56.90622038006235
1268.0 57.18075670539331
1272.0 57.45520482250774
1276.0 57.72956549416118
1280.0 58.003839470267636
1284.0 58.278027488219124
1288.0 58.55213027319488
1292.0 58.82614853846036
1296.0 59.100082985656755
1300.0 59.37393430508112
1304.0 59.64770317595759
1308.0 59.921390266700044
1312.0 60.19499623516671
1316.0 60.46852172890661
1320.0 60.741967385398596
1324.0 61.01533383228299
1328.0 61.2886216875863
1332.0 61.56183155993898
1336.0 61.83496404878689
1340.0 62.10801974459629
1344.0 62.380999229052975
1348.0 62.65390307525546
1352.0 62.92673184790253
1356.0 63.199486103475564
1360.0 63.472166390415396
1364.0 63.74477324929437
1368.0 64.01730721298341
1372.0 64.28976880681435
1376.0 64.56215854873801
1380.0 64.83447694947756
1384.0 65.10672451267793
1388.0 65.37890173505099
1392.0 65.65100910651691
1396.0 65.92304711034167
1400.0 66.19501622327081
1404.0 66.46691691565982
1408.0 66.7387496516009
1412.0 67.01051488904646
1416.0 67.2822130799295
1420.0 67.55384467028074
1424.0 67.82541010034276
1428.0 68.09690980468133
1432.0 68.36834421229379
1436.0 68.63971374671478
1440.0 68.91101882611923
1444.0 69.1822598634229
1448.0 69.45343726638032
1452.0 69.7245514376804
1456.0 69.99560277503966
1460.0 70.2665916712932
1464.0 70.53751851448344
1468.0 70.80838368794683
1472.0 71.07918757039839
1476.0 71.3499305360142
1480.0 71.62061295451214
1484.0 71.89123519123054
1488.0 72.16179760720503
1492.0 72.43230055924373
1496.0 72.70274440000055
1500.0 72.9731294780469
1504.0 73.24345613794175
1508.0 73.51372472030005
1512.0 73.78393556185969
1516.0 74.05408899554695
1520.0 74.32418535054033
1524.0 74.59422495233326
1528.0 74.8642081227951
1532.0 75.13413518023108
1536.0 75.40400643944076
1540.0 75.67382221177527
1544.0 75.94358280519332
1548.0 76.21328852431601
1552.0 76.48293967048048
1556.0 76.75253654179238
1560.0 77.02207943317727
1564.0 77.29156863643092
1568.0 77.56100444026856
1572.0 77.83038713037313
1576.0 78.09971698944244
1580.0 78.36899429723556
1584.0 78.63821933061794
1588.0 78.90739236360601
1592.0 79.17651366741046
1596.0 79.44558351047901
1600.0 79.71460215853807
1604.0 79.98356987463366
1608.0 80.25248691917157
1612.0 80.52135354995661
1616.0 80.79017002223118
1620.0 81.05893658871302
1624.0 81.32765349963228
1628.0 81.59632100276787
1632.0 81.86493934348299
1636.0 82.13350876476018
1640.0 82.4020295072355
1644.0 82.6705018092322
1648.0 82.9389259067937
1652.0 83.20730203371589
1656.0 83.47563042157896
1660.0 83.7439112997785
1664.0 84.01214489555613
1668.0 84.2803314340294
1672.0 84.54847113822142
1676.0 84.8165642290896
1680.0 85.08461092555416
1684.0 85.35261144452595
1688.0 85.62056600093385
1692.0 85.88847480775163
1696.0 86.1563380760243
1700.0 86.42415601489411
1704.0 86.69192883162593
1708.0 86.95965673163232
1712.0 87.22733991849812
1716.0 87.49497859400445
1720.0 87.76257295815262
1724.0 88.03012320918727
1728.0 88.29762954361934
1732.0 88.5650921562486
1736.0 88.8325112401857
1740.0 89.09988698687393
1744.0 89.36721958611064
1748.0 89.63450922606818
1752.0 89.9017560933146
1756.0 90.16896037283392
1760.0 90.4361222480461
1764.0 90.7032419008267
1768.0 90.97031951152611
1772.0 91.23735525898866
1776.0 91.50434932057115
1780.0 91.77130187216135
1784.0 92.03821308819595
1788.0 92.30508314167838
1792.0 92.57191220419635
1796.0 92.83870044593894
1800.0 93.10544803571365
1804.0 93.37215514096289
1808.0 93.63882192778053
1812.0 93.90544856092798
1816.0 94.17203520384999
1820.0 94.43858201869031
1824.0 94.70508916630715
1828.0 94.97155680628819
1832.0 95.23798509696557
1836.0 95.50437419543051
1840.0 95.77072425754776
1844.0 96.03703543796979
1848.0 96.3033078901509
1852.0 96.56954176636089
1856.0 96.83573721769868
1860.0 97.10189439410563
1864.0 97.36801344437886
1868.0 97.63409451618405
1872.0 97.90013775606828
1876.0 98.1661433094726
1880.0 98.4321113207445
1884.0 98.69804193315002
1888.0 98.96393528888584
1892.0 99.2297915290911
1896.0 99.49561079385916
1900.0 99.76139322224898
1904.0 100.0271389522966
1908.0 100.29284812102618
1912.0 100.55852086446116
1916.0 100.824157317635
1920.0 101.0897576146019
1924.0 101.35532188844748
1928.0 101.62085027129895
1932.0 101.88634289433556
1936.0 102.15179988779857
1940.0 102.41722138100128
1944.0 102.68260750233887
1948.0 102.947958379298
1952.0 103.21327413846645
1956.0 103.47855490554247
1960.0 103.7438008053441
1964.0 104.0090119618183
1968.0 104.27418849805002
1972.0 104.53933053627107
1976.0 104.80443819786893
1980.0 105.06951160339538
1984.0 105.33455087257505
1988.0 105.59955612431393
1992.0 105.8645274767076
1996.0 106.12946504704944
2000.0 106.39436895183876
2004.0 106.65923930678879
2008.0 106.9240762268345
2012.0 107.1888798261405
2016.0 107.45365021810855
2020.0 107.71838751538529
2024.0 107.98309182986957
2028.0 108.24776327271992
2032.0 108.51240195436182
2036.0 108.77700798449482
2040.0 109.04158147209972
2044.0 109.30612252544547
2048.0 109.57063125209622
2052.0 109.83510775891794
2056.0 110.09955215208527
2060.0 110.36396453708825
2064.0 110.6283450187387
2068.0 110.89269370117681
2072.0 111.15701068787747
2076.0 111.42129608165673
2080.0 111.68554998467783
2084.0 111.94977249845748
2088.0 112.21396372387193
2092.0 112.47812376116298
2096.0 112.74225270994384
2100.0 113.00635066920508
2104.0 113.27041773732036
2108.0 113.53445401205218
2112.0 113.79845959055746
2116.0 114.06243456939316
2120.0 114.32637904452181
2124.0 114.59029311131691
2128.0 114.85417686456827
2132.0 115.1180303984874
2136.0 115.38185380671271
2140.0 115.64564718231469
2144.0 115.90941061780102
2148.0 116.17314420512167
2152.0 116.43684803567385
2156.0 116.70052220030692
2160.0 116.96416678932744
2164.0 117.22778189250376
2168.0 117.49136759907091
2172.0 117.75492399773537
2176.0 118.01845117667955
2180.0 118.28194922356658
2184.0 118.54541822554467
2188.0 118.80885826925177
2192.0 119.07226944081992
2196.0 119.33565182587967
2200.0 119.5990055095644
2204.0 119.86233057651464
2208.0 120.12562711088226
2212.0 120.38889519633472
2216.0 120.65213491605923
2220.0 120.91534635276672
2224.0 121.17852958869605
2228.0 121.44168470561793
2232.0 121.70481178483892
2236.0 121.96791090720528
2240.0 122.23098215310692
2244.0 122.49402560248119
2248.0 122.75704133481666
2252.0 123.02002942915696
2256.0 123.28298996410427
2260.0 123.54592301782326
2264.0 123.80882866804441
2268.0 124.0717069920679
2272.0 124.33455806676696
2276.0 124.59738196859135
2280.0 124.860178773571
2284.0 125.12294855731926
2288.0 125.3856913950364
2292.0 125.648407361513
2296.0 125.91109653113303
2300.0 126.17375897787747
2304.0 126.43639477532729
2308.0 126.69900399666687
2312.0 126.96158671468703
2316.0 127.22414300178818
2320.0 127.48667292998354
2324.0 127.74917657090208
2328.0 128.01165399579173
2332.0 128.27410527552226
2336.0 128.53653048058834
2340.0 128.7989296811124
2344.0 129.06130294684772
2348.0 129.32365034718111
2352.0 129.58597195113592
2356.0 129.8482678273748
2360.0 130.11053804420263
2364.0 130.3727826695691
2368.0 130.63500177107153
2372.0 130.8971954159577
2376.0 131.15936367112835
2380.0 131.42150660313996
2384.0 131.68362427820742
2388.0 131.94571676220647
2392.0 132.2077841206765
2396.0 132.46982641882292
2400.0 132.73184372151977
2404.0 132.99383609331224
2408.0 133.25580359841908
2412.0 133.5177463007352
2416.0 133.7796642638339
2420.0 134.04155755096943
2424.0 134.30342622507925
2428.0 134.56527034878658
2432.0 134.82708998440242
2436.0 135.0888851939283
2440.0 135.3506560390581
2444.0 135.61240258118065
2448.0 135.8741248813818
2452.0 136.13582300044675
2456.0 136.39749699886227
2460.0 136.65914693681864
2464.0 136.92077287421213
2468.0 137.182374870647
2472.0 137.4439529854375
2476.0 137.70550727761017
2480.0 137.9670378059057
2484.0 138.22854462878132
2488.0 138.49002780441242
2492.0 138.75148739069488
2496.0 139.01292344524697
2500.0 139.27433602541126
2504.0 139.53572518825666
2508.0 139.79709099058041
2512.0 140.05843348890988
2516.0 140.31975273950454
2520.0 140.58104879835784
2524.0 140.8423217211991
2528.0 141.10357156349542
2532.0 141.3647983804533
2536.0 141.62600222702068
2540.0 141.88718315788864
2544.0 142.14834122749332
2548.0 142.4094764900174
2552.0 142.67058899939212
2556.0 142.93167880929903
2560.0 143.1927459731714
2564.0 143.4537905441963
2568.0 143.71481257531605
2572.0 143.97581211923
2576.0 144.23678922839613
2580.0 144.4977439550327
2584.0 144.75867635112
2588.0 145.01958646840174
2592.0 145.28047435838687
2596.0 145.54134007235098
2600.0 145.80218366133798
2604.0 146.06300517616177
2608.0 146.32380466740744
2612.0 146.58458218543322
2616.0 146.84533778037158
2620.0 147.10607150213104
2624.0 147.36678340039765
2628.0 147.62747352463623
2632.0 147.88814192409197
2636.0 148.1487886477921
2640.0 148.40941374454678
2644.0 148.67001726295112
2648.0 148.93059925138635
2652.0 149.19115975802094
2656.0 149.45169883081252
2660.0 149.71221651750892
2664.0 149.97271286564953
2668.0 150.23318792256669
2672.0 150.49364173538729
2676.0 150.75407435103358
2680.0 151.01448581622503
2684.0 151.2748761774793
2688.0 151.53524548111358
2692.0 151.79559377324597
2696.0 152.05592109979665
2700.0 152.31622750648924
2704.0 152.57651303885208
2708.0 152.83677774221925
2712.0 153.09702166173207
2716.0 153.35724484234012
2720.0 153.6174473288025
2724.0 153.8776291656893
2728.0 154.13779039738228
2732.0 154.3979310680764
2736.0 154.658051221781
2740.0 154.9181509023208
2744.0 155.1782301533371
2748.0 155.43828901828903
2752.0 155.6983275404545
2756.0 155.95834576293154
2760.0 156.2183437286392
2764.0 156.4783214803188
2768.0 156.73827906053495
2772.0 156.99821651167665
2776.0 157.2581338759584
2780.0 157.51803119542132
2784.0 157.77790851193396
2788.0 158.03776586719368
2792.0 158.2976033027275
2796.0 158.5574208598932
2800.0 158.81721857988032
2804.0 159.07699650371111
2808.0 159.3367546722417
2812.0 159.59649312616307
2816.0 159.85621190600173
2820.0 160.11591105212125
2824.0 160.37559060472285
2828.0 160.63525060384634
2832.0 160.8948910893715
2836.0 161.15451210101847
2840.0 161.4141136783491
2844.0 161.6736958607678
2848.0 161.9332586875224
2852.0 162.19280219770513
2856.0 162.4523264302534
2860.0 162.71183142395103
2864.0 162.9713172174289
2868.0 163.2307838491658
2872.0 163.4902313574895
2876.0 163.7496597805776
2880.0 164.00906915645822
2884.0 164.2684595230112
2888.0 164.52783091796863
2892.0 164.78718337891593
2896.0 165.04651694329252
2900.0 165.30583164839283
2904.0 165.56512753136715
2908.0 165.82440462922222
2912.0 166.08366297882222
2916.0 166.34290261688972
2920.0 166.6021235800063
2924.0 166.8613259046132
2928.0 167.12050962701275
2932.0 167.3796747833683
2936.0 167.63882140970557
2940.0 167.89794954191342
2944.0 168.15705921574448
2948.0 168.41615046681582
2952.0 168.67522333060995
2956.0 168.93427784247547
2960.0 169.19331403762774
2964.0 169.45233195114974
2968.0 169.71133161799287
2972.0 169.97031307297743
2976.0 170.22927635079355
2980.0 170.48822148600206
2984.0 170.74714851303474
2988.0 171.00605746619556
2992.0 171.264948379661
2996.0 171.52382128748096
3000.0 171.7826762235794
3004.0 172.04151322175494
3008.0 172.3003323156818
3012.0 172.55913353891026
3016.0 172.81791692486732
3020.0 173.07668250685748
3024.0 173.33543031806352
3028.0 173.59416039154686
3032.0 173.85287276024854
3036.0 174.11156745698943
3040.0 174.3702445144716
3044.0 174.6289039652781
3048.0 174.8875458418744
3052.0 175.1461701766084
3056.0 175.40477700171135
3060.0 175.6633663492986
3064.0 175.9219382513699
3068.0 176.18049273981035
3072.0 176.4390298463906
3076.0 176.69754960276794
3080.0 176.95605204048655
3084.0 177.21453719097826
3088.0 177.47300508556305
3092.0 177.73145575544982
3096.0 177.98988923173675
3100.0 178.248305545412
3104.0 178.5067047273543
3108.0 178.76508680833345
3112.0 179.02345181901111
3116.0 179.28179978994098
3120.0 179.5401307515696
3124.0 179.7984447342372
3128.0 180.05674176817752
3132.0 180.31502188351917
3136.0 180.57328511028555
3140.0 180.83153147839565
3144.0 181.08976101766473
3148.0 181.34797375780468
3152.0 181.60616972842448
3156.0 181.86434895903082
3160.0 182.12251147902887
3164.0 182.3806573177223
3168.0 182.63878650431414
3172.0 182.8968990679074
3176.0 183.15499503750516
3180.0 183.41307444201155
3184.0 183.67113731023179
3188.0 183.92918367087302
3192.0 184.18721355254488
3196.0 184.4452269837596
3200.0 184.7032239929329
3204.0 184.961204608384
3208.0 185.21916885833696
3212.0 185.47711677091993
3216.0 185.73504837416684
3220.0 185.99296369601709
3224.0 186.25086276431637
3228.0 186.50874560681697
3232.0 186.76661225117832
3236.0 187.0244627249674
3240.0 187.2822970556593
3244.0 187.54011527063773
3248.0 187.79791739719505
3252.0 188.05570346253324
3256.0 188.31347349376412
3260.0 188.57122751790993
3264.0 188.82896556190332
3268.0 189.08668765258844
3272.0 189.34439381672084
3276.0 189.60208408096832
3280.0 189.85975847191094
3284.0 190.11741701604186
3288.0 190.37505973976752
3292.0 190.63268666940812
3296.0 190.89029783119784
3300.0 191.14789325128584
3304.0 191.40547295573583
3308.0 191.66303697052737
3312.0 191.92058532155554
3316.0 192.17811803463172
3320.0 192.4356351354841
3324.0 192.6931366497576
3328.0 192.9506226030148
3332.0 193.20809302073604
3336.0 193.46554792831986
3340.0 193.72298735108342
3344.0 193.9804113142629
3348.0 194.23781984301394
3352.0 194.49521296241173
3356.0 194.7525906974519
3360.0 195.00995307305018
3364.0 195.26730011404385
3368.0 195.52463184519075
3372.0 195.78194829117095
3376.0 196.03924947658618
3380.0 196.29653542596077
3384.0 196.55380616374157
3388.0 196.8110617142987
3392.0 197.06830210192587
3396.0 197.3255273508403
3400.0 197.5827374851837
3404.0 197.83993252902215
3408.0 198.09711250634663
3412.0 198.35427744107344
3416.0 198.61142735704433
3420.0 198.86856227802707
3424.0 199.12568222771577
3428.0 199.382787229731
3432.0 199.6398773076204
3436.0 199.89695248485882
3440.0 200.15401278484867
3444.0 200.4110582309206
3448.0 200.6680888463332
3452.0 200.92510465427378
3456.0 201.1821056778588
3460.0 201.43909194013372
3464.0 201.69606346407352
3468.0 201.95302027258347
3472.0 202.2099623884986
3476.0 202.46688983458492
3480.0 202.723802633539
3484.0 202.98070080798848
3488.0 203.23758438049288
3492.0 203.4944533735432
3496.0 203.7513078095625
3500.0 204.00814771090654
3504.0 204.2649730998634
3508.0 204.5217839986544
3512.0 204.77858042943416
3516.0 205.0353624142908
3520.0 205.29212997524635
3524.0 205.54888313425712
3528.0 205.80562191321388
3532.0 206.062346333942
3536.0 206.31905641820225
3540.0 206.5757521876904
3544.0 206.83243366403806
3548.0 207.0891008688127
3552.0 207.345753823518
3556.0 207.60239254959424
3560.0 207.8590170684182
3564.0 208.11562740130398
3568.0 208.37222356950275
3572.0 208.62880559420356
3576.0 208.88537349653302
3580.0 209.1419272975561
3584.0 209.3984670182761
3588.0 209.6549926796349
3592.0 209.91150430251346
3596.0 210.16800190773193
3600.0 210.42448551604988
3604.0 210.68095514816662
3608.0 210.93741082472133
3612.0 211.1938525662937
3616.0 211.45028039340377
3620.0 211.7066943265124
3624.0 211.96309438602137
3628.0 212.21948059227373
3632.0 212.4758529655542
3636.0 212.7322115260892
3640.0 212.98855629404719
3644.0 213.24488728953878
3648.0 213.50120453261718
3652.0 213.75750804327845
3656.0 214.01379784146155
3660.0 214.27007394704864
3664.0 214.52633637986546
3668.0 214.78258515968145
3672.0 215.03882030621003
3676.0 215.29504183910882
3680.0 215.55124977797968
3684.0 215.80744414236943
3688.0 216.0636249517697
3692.0 216.3197922256171
3696.0 216.5759459832938
3700.0 216.83208624412745
3704.0 217.08821302739156
3708.0 217.34432635230567
3712.0 217.60042623803554
3716.0 217.85651270369348
3720.0 218.1125857683385
3724.0 218.36864545097663
3728.0 218.62469177056082
3732.0 218.88072474599164
3736.0 219.13674439611717
3740.0 219.39275073973315
3744.0 219.64874379558375
3748.0 219.9047235823608
3752.0 220.16069011870502
3756.0 220.41664342320564
3760.0 220.6725835144008
3764.0 220.92851041077765
3768.0 221.18442413077275
3772.0 221.44032469277198
3776.0 221.6962121151111
3780.0 221.95208641607573
3784.0 222.20794761390144
3788.0 222.46379572677435
3792.0 222.71963077283098
3796.0 222.97545277015857
3800.0 223.23126173679526
3804.0 223.48705769073032
3808.0 223.7428406499044
3812.0 223.99861063220948
3816.0 224.25436765548952
3820.0 224.51011173754
3824.0 224.76584289610884
3828.0 225.02156114889607
3832.0 225.27726651355414
3836.0 225.5329590076884
3840.0 225.78863864885673
3844.0 226.04430545457035
3848.0 226.29995944229344
3852.0 226.55560062944383
3856.0 226.81122903339266
3860.0 227.06684467146528
3864.0 227.32244756094053
3868.0 227.57803771905174
3872.0 227.83361516298643
3876.0 228.0891799098865
3880.0 228.3447319768489
3884.0 228.60027138092502
3888.0 228.85579813912167
3892.0 229.1113122684006
3896.0 229.3668137856791
3900.0 229.62230270782982
3904.0 229.87777905168156
3908.0 230.13324283401866
3912.0 230.38869407158174
3916.0 230.64413278106753
3920.0 230.89955897912935
3924.0 231.15497268237704
3928.0 231.4103739073772
3932.0 231.66576267065332
3936.0 231.92113898868618
3940.0 232.17650287791352
3944.0 232.43185435473083
3948.0 232.687193435491
3952.0 232.94252013650467
3956.0 233.19783447404055
3960.0 233.45313646432524
3964.0 233.70842612354377
3968.0 233.96370346783942
3972.0 234.21896851331425
3976.0 234.47422127602857
3980.0 234.72946177200222
3984.0 234.98469001721367
3988.0 235.23990602760037
3992.0 235.4951098190599
3996.0 235.7503014074484
4000.0 236.00548080858235
4004.0 236.26064803823763
4008.0 236.5158031121504
4012.0 236.77094604601675
4016.0 237.02607685549296
4020.0 237.28119555619583
4024.0 237.53630216370283
4028.0 237.7913966935519
4032.0 238.04647916124188
4036.0 238.30154958223272
4040.0 238.55660797194568
4044.0 238.81165434576283
4048.0 239.06668871902812
4052.0 239.32171110704692
4056.0 239.57672152508633
4060.0 239.83171998837526
4064.0 240.08670651210474
4068.0 240.34168111142787
4072.0 240.59664380146003
4076.0 240.85159459727916
4080.0 241.1065335139256
4084.0 241.36146056640257
4088.0 241.6163757696759
4092.0 241.87127913867474
