0 1535.0
1 1535.0
2 1527.2307692307693
3 1408.3076923076924
4 1305.8461538461538
5 1515.076923076923
6 1512.142857142857
7 1507.6153846153845
8 1504.3846153846155
9 1501.6923076923076
10 1496.5384615384614
11 1500.2142857142858
12 1496.5384615384614
13 1496.923076923077
14 1487.2307692307693
15 1489.923076923077
16 1474.2307692307693
17 1481.7857142857142
18 1476.7692307692307
19 1476.5384615384614
20 1471.1538461538462
21 1471.0
22 1463.357142857143
23 1460.7692307692307
24 1423.923076923077
25 1455.4615384615386
26 1454.7692307692307
27 1449.6153846153845
28 1447.4285714285713
29 1439.1538461538462
30 1442.4615384615386
31 1435.8461538461538
32 1431.7692307692307
33 1433.7857142857142
34 1431.923076923077
35 1427.3846153846155
36 1422.3076923076924
37 1424.0
38 1417.857142857143
39 1415.3076923076924
40 1411.4615384615386
41 1407.3846153846155
42 1414.4615384615386
43 1406.3846153846155
44 1401.4285714285713
45 1401.8461538461538
46 1403.0
47 1396.6153846153845
48 1389.0
49 1393.0
50 1388.076923076923
51 1383.076923076923
52 1386.3076923076924
53 1377.1538461538462
54 1381.6923076923076
55 1378.0714285714287
56 1374.3076923076924
57 1377.3076923076924
58 1366.5384615384614
59 1365.6153846153845
60 1363.4285714285713
61 1359.3846153846155
62 1362.923076923077
63 1359.1538461538462
64 1350.2307692307693
65 1352.9285714285713
66 1346.8461538461538
67 1352.3076923076924
68 1344.4615384615386
69 1335.8461538461538
70 1344.8461538461538
71 1337.857142857143
72 1338.6923076923076
73 1338.3846153846155
74 1332.0
75 1334.4615384615386
76 1330.857142857143
77 1327.8461538461538
78 1326.923076923077
79 1319.5384615384614
80 1322.076923076923
81 1320.6923076923076
82 1312.642857142857
83 1317.2307692307693
84 1315.3076923076924
85 1305.1538461538462
86 1308.5384615384614
87 1302.142857142857
88 1304.2307692307693
89 1304.0
90 1295.6923076923076
91 1299.3846153846155
92 1298.2857142857142
93 1297.1538461538462
94 1294.923076923077
95 1291.7692307692307
96 1293.6923076923076
97 1287.1538461538462
98 1284.7142857142858
99 1280.3846153846155
100 1278.6153846153845
101 1280.1538461538462
102 1281.8461538461538
103 1276.4285714285713
104 1274.8461538461538
105 1269.5384615384614
106 1267.6153846153845
107 1272.6153846153845
108 1267.3846153846155
109 1272.357142857143
110 1269.4615384615386
111 1266.0
112 1261.3846153846155
113 1258.3846153846155
114 1256.5714285714287
115 1256.076923076923
116 1250.5384615384614
117 1245.2307692307693
118 1243.1538461538462
119 1246.3076923076924
120 1246.357142857143
121 1238.4615384615386
122 1244.2307692307693
123 1247.6153846153845
124 1242.4615384615386
125 1240.642857142857
126 1239.5384615384614
127 1242.4615384615386
128 1238.6153846153845
129 1239.3076923076924
130 1235.857142857143
131 1228.6153846153845
132 1234.4615384615386
133 1231.923076923077
134 1230.8461538461538
135 1225.3846153846155
136 1222.0
137 1222.076923076923
138 1218.0
139 1211.0
140 1210.8461538461538
141 1208.142857142857
142 1211.0
143 1206.076923076923
144 1208.8461538461538
145 1200.3076923076924
146 1204.923076923077
147 1209.2857142857142
148 1209.2307692307693
149 1201.923076923077
150 1201.4615384615386
151 1194.5384615384614
152 1194.4285714285713
153 1190.3846153846155
154 1184.1538461538462
155 1188.8461538461538
156 1180.6923076923076
157 1184.357142857143
158 1182.7692307692307
159 1183.3846153846155
160 1186.4615384615386
161 1188.6153846153845
162 1185.3076923076924
163 1181.857142857143
164 1174.7692307692307
165 1175.4615384615386
166 1172.2307692307693
167 1177.5384615384614
168 1182.7857142857142
169 1174.2307692307693
170 1167.6153846153845
171 1166.6153846153845
172 1165.6923076923076
173 1160.8461538461538
174 1162.2142857142858
175 1171.3846153846155
176 1168.2307692307693
177 1165.076923076923
178 1161.3076923076924
179 1161.357142857143
180 1157.6923076923076
181 1156.8461538461538
182 1161.3076923076924
183 1148.8461538461538
184 1142.7857142857142
185 1148.8461538461538
186 1154.3076923076924
187 1149.7692307692307
188 1137.4615384615386
189 1137.2307692307693
190 1141.642857142857
191 1142.923076923077
192 1144.2307692307693
193 1141.1538461538462
194 1134.6923076923076
195 1133.5
196 1133.2307692307693
197 1131.3846153846155
198 1131.2307692307693
199 1130.076923076923
200 1125.6153846153845
201 1128.357142857143
202 1129.7692307692307
203 1130.6153846153845
204 1119.7692307692307
205 1119.0
206 1126.142857142857
207 1114.0
208 1116.3076923076924
209 1118.3076923076924
210 1120.7692307692307
211 1123.923076923077
212 1122.0
213 1122.0
214 1119.0
215 1119.076923076923
216 1114.8461538461538
217 1117.2857142857142
218 1112.2307692307693
219 1106.4615384615386
220 1110.076923076923
221 1104.076923076923
222 1104.2142857142858
223 1103.4615384615386
224 1104.8461538461538
225 1103.076923076923
226 1108.0
227 1091.8461538461538
228 1090.0
229 1101.076923076923
230 1088.3846153846155
231 1091.076923076923
232 1098.1538461538462
233 1099.142857142857
234 1095.4615384615386
235 1089.076923076923
236 1086.2307692307693
237 1080.0
238 1084.1538461538462
239 1080.857142857143
240 1079.0
241 1077.6923076923076
242 1082.3076923076924
243 1078.6923076923076
244 1076.0
245 1075.3846153846155
246 1078.6923076923076
247 1085.4615384615386
248 1082.2307692307693
249 1074.9285714285713
250 1073.3846153846155
251 1066.8461538461538
252 1068.5384615384614
253 1074.2307692307693
254 1074.6153846153845
255 1071.0
256 1063.4615384615386
257 1062.3846153846155
258 1070.4615384615386
259 1071.4615384615386
260 1065.9285714285713
261 1058.8461538461538
262 1060.4615384615386
263 1067.3076923076924
264 1066.7692307692307
265 1070.3846153846155
266 1068.857142857143
267 1058.6153846153845
268 1051.1538461538462
269 1051.1538461538462
270 1055.2307692307693
271 1050.4285714285713
272 1048.7692307692307
273 1044.8461538461538
274 1047.2307692307693
275 1042.7692307692307
276 1042.2857142857142
277 1043.0
278 1040.2307692307693
279 1037.1538461538462
280 1043.0
281 1043.6923076923076
282 1047.7142857142858
283 1047.6153846153845
284 1039.5384615384614
285 1037.923076923077
286 1041.6923076923076
287 1036.5714285714287
288 1027.8461538461538
289 1033.6923076923076
290 1038.5384615384614
291 1027.6153846153845
292 1031.4615384615386
293 1024.642857142857
294 1035.7692307692307
295 1038.6153846153845
296 1029.8461538461538
297 1031.7692307692307
298 1027.142857142857
299 1027.1538461538462
300 1032.6153846153845
301 1031.8461538461538
302 1024.6153846153845
303 1023.1428571428571
304 1023.9230769230769
305 1024.6153846153845
306 1024.6153846153845
307 1010.3846153846154
308 1015.8461538461538
309 1021.2857142857143
310 1020.5384615384615
311 1015.1538461538462
312 1024.1538461538462
313 1015.6153846153846
314 1017.0
315 1017.0769230769231
316 1011.8461538461538
317 1015.9230769230769
318 1016.9230769230769
319 1007.2307692307693
320 1006.3571428571429
321 1007.1538461538462
322 1013.6153846153846
323 1002.5384615384615
324 1006.2307692307693
325 1008.2857142857143
326 1009.1538461538462
327 1006.4615384615385
328 999.7692307692307
329 999.2307692307693
330 1002.7692307692307
331 1010.1428571428571
332 1005.0
333 998.7692307692307
334 992.8461538461538
335 999.3076923076923
336 1003.0714285714286
337 1000.2307692307693
338 999.7692307692307
339 1002.2307692307693
340 1001.0
341 994.7857142857143
342 983.7692307692307
343 992.1538461538462
344 995.8461538461538
345 995.0769230769231
346 983.1538461538462
347 991.5
348 991.6923076923077
349 992.5384615384615
350 982.3846153846154
351 980.0
352 978.5714285714286
353 983.7692307692307
354 990.5384615384615
355 984.7692307692307
356 979.8461538461538
357 987.0
358 986.8571428571429
359 981.0769230769231
360 991.6923076923077
361 981.8461538461538
362 978.0
363 972.7857142857143
364 971.5384615384615
365 978.0
366 975.3846153846154
367 977.6153846153846
368 972.7857142857143
369 968.4615384615385
370 975.1538461538462
371 974.5384615384615
372 980.7692307692307
373 977.5384615384615
374 969.8571428571429
375 974.7692307692307
376 974.0769230769231
377 977.3076923076923
378 976.7692307692307
379 974.2857142857143
380 958.6923076923077
381 958.8461538461538
382 964.6153846153846
383 969.7692307692307
384 962.6923076923077
385 968.3571428571429
386 959.0
387 951.4615384615385
388 961.6153846153846
389 960.8461538461538
390 966.9285714285714
391 967.0769230769231
392 960.0
393 960.6923076923077
394 963.3846153846154
395 963.9285714285714
396 960.2307692307693
397 967.4615384615385
398 950.7692307692307
399 952.9230769230769
400 959.0
401 959.8571428571429
402 959.4615384615385
403 949.1538461538462
404 950.5384615384615
405 949.6923076923077
406 949.5714285714286
407 950.6923076923077
408 949.5384615384615
409 956.3076923076923
410 955.9230769230769
411 954.8461538461538
412 948.8571428571429
413 945.6923076923077
414 940.4615384615385
415 945.6153846153846
416 950.9230769230769
417 949.2142857142857
418 951.7692307692307
419 951.9230769230769
420 938.6153846153846
421 952.1538461538462
422 944.4615384615385
423 940.9285714285714
424 939.1538461538462
425 939.2307692307693
426 948.2307692307693
427 944.9230769230769
428 942.4285714285714
429 948.2307692307693
430 945.8461538461538
431 945.0769230769231
432 942.0769230769231
433 944.3571428571429
434 940.4615384615385
435 934.0
436 932.3846153846154
437 935.1538461538462
438 934.4615384615385
439 936.2857142857143
440 941.0769230769231
441 939.6153846153846
442 932.7692307692307
443 936.7692307692307
444 926.2857142857143
445 929.3846153846154
446 939.8461538461538
447 938.7692307692307
448 937.0
449 938.4615384615385
450 925.1428571428571
451 929.2307692307693
452 931.3076923076923
453 936.6153846153846
454 925.0
455 923.5714285714286
456 930.5384615384615
457 928.2307692307693
458 920.3846153846154
459 923.0
460 930.9285714285714
461 929.3076923076923
462 921.3076923076923
463 913.0769230769231
464 916.8461538461538
465 913.5384615384615
466 919.4285714285714
467 912.3846153846154
468 923.5384615384615
469 924.4615384615385
470 916.1538461538462
471 918.9285714285714
472 922.8461538461538
473 920.7692307692307
474 913.4615384615385
475 920.6923076923077
476 925.8461538461538
477 918.8571428571429
478 910.3846153846154
479 916.0
480 919.1538461538462
481 914.5384615384615
482 911.2857142857143
483 921.1538461538462
484 918.6923076923077
485 901.5384615384615
486 913.9230769230769
487 920.0714285714286
488 914.5384615384615
489 913.3846153846154
490 913.1538461538462
491 903.2307692307693
492 914.8461538461538
493 914.8571428571429
494 915.1538461538462
495 913.0
496 906.8461538461538
497 902.8461538461538
498 896.2857142857143
499 910.1538461538462
500 915.9230769230769
501 905.6923076923077
502 906.3846153846154
503 899.6923076923077
504 894.2142857142857
505 905.3076923076923
506 905.1538461538462
507 902.5384615384615
508 895.0
509 898.4285714285714
510 898.2307692307693
511 907.6153846153846
512 898.6923076923077
513 905.4615384615385
514 912.2857142857143
515 905.8461538461538
516 897.0769230769231
517 890.1538461538462
518 898.0
519 902.5384615384615
520 904.1428571428571
521 902.4615384615385
522 906.1538461538462
523 896.6153846153846
524 893.3076923076923
525 899.7857142857143
526 904.7692307692307
527 903.5384615384615
528 904.3846153846154
529 899.8461538461538
530 897.6153846153846
531 896.2142857142857
532 901.3076923076923
533 890.3076923076923
534 882.7692307692307
535 889.0769230769231
536 891.3571428571429
537 888.8461538461538
538 888.0769230769231
539 894.8461538461538
540 892.6153846153846
541 894.2307692307693
542 894.5
543 892.0
544 889.3846153846154
545 889.9230769230769
546 886.3846153846154
547 890.2142857142857
548 888.3076923076923
549 880.4615384615385
550 885.7692307692307
551 890.9230769230769
552 890.7142857142857
553 880.9230769230769
554 885.3846153846154
555 881.8461538461538
556 886.3076923076923
557 895.1538461538462
558 885.7142857142857
559 879.8461538461538
560 893.6153846153846
561 888.2307692307693
562 882.7692307692307
563 885.2857142857143
564 883.6923076923077
565 886.7692307692307
566 886.9230769230769
567 877.0
568 870.2307692307693
569 882.4285714285714
570 885.5384615384615
571 891.6153846153846
572 880.1538461538462
573 882.7692307692307
574 890.5
575 877.7692307692307
576 891.4615384615385
577 876.0
578 885.8461538461538
579 887.6428571428571
580 873.5384615384615
581 880.6923076923077
582 888.3076923076923
583 880.4615384615385
584 873.4615384615385
585 885.9285714285714
586 887.6153846153846
587 877.0769230769231
588 874.8461538461538
589 884.6923076923077
590 867.8571428571429
591 883.8461538461538
592 883.3846153846154
593 864.6153846153846
594 882.3076923076923
595 884.0
596 880.5714285714286
597 870.8461538461538
598 865.7692307692307
599 883.0769230769231
600 885.9230769230769
601 885.2857142857143
602 882.1538461538462
603 879.3076923076923
604 881.0769230769231
605 878.8461538461538
606 883.5
607 883.0
608 878.1538461538462
609 877.6153846153846
610 862.1538461538462
611 860.7692307692307
612 857.0714285714286
613 863.3846153846154
614 869.5384615384615
615 873.9230769230769
616 879.6923076923077
617 878.9285714285714
618 877.0
619 877.9230769230769
620 870.3076923076923
621 867.1538461538462
622 859.7692307692307
623 868.8571428571429
624 875.2307692307693
625 877.0
626 877.6923076923077
627 862.6923076923077
628 867.5
629 873.6923076923077
630 873.2307692307693
631 852.8461538461538
632 862.4615384615385
633 875.1538461538462
634 875.9285714285714
635 871.0
636 873.4615384615385
637 871.3076923076923
638 869.1538461538462
639 864.5714285714286
640 863.0769230769231
641 866.7692307692307
642 866.0
643 870.1538461538462
644 869.0
645 868.0
646 865.5384615384615
647 863.3846153846154
648 865.1538461538462
649 866.6153846153846
650 863.4285714285714
651 865.0
652 863.7692307692307
653 865.7692307692307
654 864.7692307692307
655 862.0
656 864.3076923076923
657 862.8461538461538
658 862.5384615384615
659 861.9230769230769
660 859.0769230769231
661 861.0
662 860.1538461538462
663 860.7692307692307
664 864.9230769230769
665 864.6153846153846
666 864.3571428571429
667 863.6923076923077
668 860.4615384615385
669 860.6923076923077
670 855.3076923076923
671 860.7142857142857
672 857.7692307692307
673 859.6153846153846
674 862.2307692307693
675 856.7692307692307
676 858.6923076923077
677 856.3571428571429
678 862.0
679 858.3076923076923
680 856.2307692307693
681 856.8461538461538
682 854.7142857142857
683 856.6153846153846
684 858.4615384615385
685 852.8461538461538
686 856.2307692307693
687 855.1538461538462
688 855.4285714285714
689 857.2307692307693
690 852.9230769230769
691 853.1538461538462
692 853.8461538461538
693 851.7857142857143
694 854.8461538461538
695 851.9230769230769
696 851.0
697 851.8461538461538
698 853.1428571428571
699 853.6923076923077
700 848.4615384615385
701 847.0
702 852.2307692307693
703 848.0769230769231
704 849.0
705 847.9230769230769
706 853.4615384615385
707 846.4615384615385
708 847.0769230769231
709 852.2142857142857
710 843.3076923076923
711 840.0769230769231
712 845.3076923076923
713 848.0
714 848.5384615384615
715 842.1428571428571
716 847.6153846153846
717 848.8461538461538
718 844.1538461538462
719 845.0769230769231
720 848.0
721 845.1538461538462
722 844.3846153846154
723 843.7692307692307
724 843.0769230769231
725 843.7692307692307
726 845.5
727 844.6153846153846
728 838.6153846153846
729 839.3076923076923
730 844.6923076923077
731 844.7142857142857
732 843.6923076923077
733 839.4615384615385
734 841.7692307692307
735 841.3846153846154
736 842.0
737 843.1538461538462
738 838.0
739 843.2307692307693
740 840.6923076923077
741 838.0
742 838.0
743 838.9230769230769
744 842.0
745 844.0769230769231
746 842.1538461538462
747 839.7142857142857
748 843.6153846153846
749 838.6923076923077
750 839.5384615384615
751 839.8461538461538
752 838.9230769230769
753 843.2142857142857
754 842.2307692307693
755 839.1538461538462
756 835.4615384615385
757 837.7692307692307
758 839.0
759 840.5384615384615
760 840.0769230769231
761 836.0769230769231
762 841.5384615384615
763 842.5714285714286
764 839.5384615384615
765 836.3076923076923
766 837.9230769230769
767 841.0769230769231
768 839.6153846153846
769 841.4285714285714
770 836.4615384615385
771 839.3076923076923
772 839.1538461538462
773 839.0769230769231
774 839.7142857142857
775 836.0769230769231
776 837.0
777 837.5384615384615
778 839.0769230769231
779 837.6153846153846
780 833.6428571428571
781 835.8461538461538
782 837.6923076923077
783 837.6153846153846
784 834.8461538461538
785 834.7857142857143
786 834.9230769230769
787 836.3846153846154
788 838.1538461538462
789 833.5384615384615
790 832.0
791 830.9230769230769
792 830.6923076923077
793 834.7692307692307
794 834.4615384615385
795 835.7692307692307
796 834.7857142857143
797 832.2307692307693
798 832.1538461538462
799 832.8461538461538
800 835.8461538461538
801 832.6428571428571
802 830.6153846153846
803 832.0
804 829.4615384615385
805 830.6153846153846
806 829.6923076923077
807 831.5714285714286
808 831.6153846153846
809 832.8461538461538
810 832.0
811 826.0769230769231
812 828.5714285714286
813 829.1538461538462
814 827.1538461538462
815 829.3846153846154
816 830.2307692307693
817 831.5
818 829.0
819 828.6923076923077
820 830.3076923076923
821 829.4615384615385
822 826.3076923076923
823 829.6428571428571
824 831.0
825 827.5384615384615
826 826.0769230769231
827 826.9230769230769
828 826.4285714285714
829 827.6923076923077
830 827.9230769230769
831 827.3846153846154
832 825.4615384615385
833 827.8461538461538
834 827.2857142857143
835 825.7692307692307
836 823.2307692307693
837 823.6923076923077
838 826.1538461538462
839 826.0
840 824.2307692307693
841 826.1538461538462
842 824.0769230769231
843 824.3076923076923
844 821.6923076923077
845 822.9285714285714
846 825.7692307692307
847 822.6923076923077
848 820.3846153846154
849 824.3846153846154
850 821.6428571428571
851 822.8461538461538
852 825.6923076923077
853 820.8461538461538
854 823.2307692307693
855 822.0714285714286
856 819.9230769230769
857 822.0
858 820.5384615384615
859 823.0
860 819.1538461538462
861 822.3571428571429
862 821.6923076923077
863 818.7692307692307
864 822.1538461538462
865 818.9230769230769
866 818.6428571428571
867 819.6153846153846
868 818.3846153846154
869 822.3846153846154
870 818.7692307692307
871 817.2307692307693
872 820.5714285714286
873 818.1538461538462
874 817.8461538461538
875 819.1538461538462
876 818.9230769230769
877 819.0
878 818.4615384615385
879 816.0769230769231
880 818.6153846153846
881 819.0
882 818.5714285714286
883 815.9230769230769
884 816.0769230769231
885 817.5384615384615
886 817.0769230769231
887 817.3846153846154
888 817.5
889 817.1538461538462
890 815.3076923076923
891 816.0
892 816.2307692307693
893 813.2142857142857
894 811.2307692307693
895 815.3076923076923
896 816.0
897 814.7692307692307
898 812.3076923076923
899 813.5714285714286
900 815.5384615384615
901 814.4615384615385
902 814.1538461538462
903 814.6153846153846
904 813.6428571428571
905 814.0
906 812.5384615384615
907 814.0769230769231
908 811.3846153846154
909 813.2142857142857
910 812.9230769230769
911 810.3846153846154
912 810.0769230769231
913 811.2307692307693
914 812.3846153846154
915 812.3571428571429
916 809.7692307692307
917 808.9230769230769
918 807.6923076923077
919 810.3846153846154
920 811.8571428571429
921 811.4615384615385
922 809.1538461538462
923 809.3076923076923
924 808.9230769230769
925 809.8461538461538
926 810.1428571428571
927 806.2307692307693
928 808.6923076923077
929 805.4615384615385
930 806.5384615384615
931 808.0714285714286
932 810.0769230769231
933 808.9230769230769
934 809.5384615384615
935 809.7692307692307
936 808.8461538461538
937 806.2142857142857
938 806.4615384615385
939 807.0769230769231
940 807.0769230769231
941 807.8461538461538
942 807.5714285714286
943 809.3846153846154
944 808.8461538461538
945 807.6153846153846
946 806.9230769230769
947 804.1428571428571
948 803.2307692307693
949 804.0769230769231
950 800.6153846153846
951 803.3846153846154
952 800.6153846153846
953 800.9285714285714
954 804.6923076923077
955 805.9230769230769
956 805.3076923076923
957 804.1538461538462
958 804.5
959 806.0
960 804.8461538461538
961 805.7692307692307
962 804.9230769230769
963 800.2307692307693
964 800.9285714285714
965 800.1538461538462
966 801.3076923076923
967 798.0769230769231
968 797.7692307692307
969 802.5
970 802.6923076923077
971 802.6923076923077
972 798.9230769230769
973 800.8461538461538
974 804.4285714285714
975 802.9230769230769
976 800.6153846153846
977 799.0
978 799.7692307692307
979 801.3846153846154
980 798.4285714285714
981 796.5384615384615
982 801.2307692307693
983 796.3846153846154
984 799.0
985 796.5
986 798.6923076923077
987 797.4615384615385
988 798.6923076923077
989 795.1538461538462
990 798.7692307692307
991 796.5714285714286
992 797.9230769230769
993 793.7692307692307
994 796.4615384615385
995 797.0769230769231
996 795.6428571428571
997 797.0
998 797.5384615384615
999 796.2307692307693
1000 798.5384615384615
1001 797.8571428571429
1002 794.8461538461538
1003 798.5384615384615
1004 799.0
1005 793.8461538461538
1006 792.6153846153846
1007 795.0
1008 796.7692307692307
1009 796.3076923076923
1010 795.5384615384615
1011 796.6153846153846
1012 793.2142857142857
1013 789.6153846153846
1014 796.3076923076923
1015 796.6923076923077
1016 795.1538461538462
1017 796.2307692307693
1018 792.6428571428571
1019 791.5384615384615
1020 790.5384615384615
1021 787.0
1022 794.2307692307693
1023 793.3571428571429
1024 793.0769230769231
1025 791.1538461538462
1026 790.3846153846154
1027 788.1538461538462
