0 1521
1 1521
2 1517
3 917
4 156
5 1504
6 1504
7 1497
8 1493
9 1481
10 1489
11 1486
12 1487
13 1478
14 1479
15 1471
16 1465
17 1472
18 1467
19 1462
20 1459
21 1451
22 1446
23 1446
24 1028
25 1439
26 1425
27 1438
28 1432
29 1427
30 1423
31 1422
32 1412
33 1420
34 1418
35 1411
36 1405
37 1404
38 1401
39 1406
40 1395
41 1386
42 1402
43 1390
44 1392
45 1380
46 1385
47 1384
48 1364
49 1374
50 1372
51 1372
52 1379
53 1358
54 1372
55 1367
56 1356
57 1369
58 1355
59 1354
60 1353
61 1349
62 1350
63 1351
64 1337
65 1330
66 1334
67 1335
68 1332
69 1319
70 1334
71 1311
72 1328
73 1331
74 1316
75 1309
76 1318
77 1311
78 1310
79 1309
80 1300
81 1301
82 1302
83 1306
84 1308
85 1298
86 1299
87 1285
88 1292
89 1291
90 1284
91 1266
92 1281
93 1272
94 1284
95 1271
96 1281
97 1273
98 1265
99 1264
100 1264
101 1265
102 1264
103 1265
104 1267
105 1257
106 1251
107 1266
108 1250
109 1259
110 1259
111 1251
112 1249
113 1241
114 1239
115 1234
116 1233
117 1237
118 1227
119 1235
120 1230
121 1229
122 1230
123 1235
124 1222
125 1230
126 1227
127 1234
128 1222
129 1226
130 1226
131 1218
132 1225
133 1218
134 1208
135 1217
136 1213
137 1205
138 1209
139 1196
140 1194
141 1197
142 1189
143 1192
144 1181
145 1190
146 1192
147 1190
148 1201
149 1186
150 1189
151 1183
152 1182
153 1169
154 1169
155 1175
156 1171
157 1173
158 1170
159 1175
160 1169
161 1175
162 1168
163 1164
164 1154
165 1165
166 1156
167 1167
168 1169
169 1164
170 1155
171 1152
172 1156
173 1145
174 1144
175 1161
176 1159
177 1149
178 1139
179 1145
180 1146
181 1142
182 1147
183 1130
184 1123
185 1143
186 1131
187 1136
188 1120
189 1121
190 1123
191 1130
192 1125
193 1126
194 1122
195 1117
196 1112
197 1116
198 1114
199 1112
200 1115
201 1116
202 1121
203 1108
204 1107
205 1104
206 1106
207 1096
208 1095
209 1095
210 1107
211 1103
212 1109
213 1099
214 1102
215 1108
216 1100
217 1095
218 1096
219 1086
220 1093
221 1092
222 1091
223 1093
224 1096
225 1088
226 1083
227 1076
228 1079
229 1086
230 1074
231 1068
232 1084
233 1086
234 1085
235 1060
236 1068
237 1060
238 1069
239 1065
240 1066
241 1062
242 1064
243 1057
244 1062
245 1064
246 1059
247 1075
248 1057
249 1052
250 1053
251 1054
252 1052
253 1058
254 1057
255 1059
256 1052
257 1044
258 1045
259 1060
260 1047
261 1039
262 1051
263 1047
264 1054
265 1053
266 1054
267 1047
268 1035
269 1033
270 1047
271 1034
272 1014
273 1023
274 1030
275 1033
276 1014
277 1022
278 1020
279 1017
280 1031
281 1026
282 1028
283 1027
284 1025
285 1022
286 1023
287 1019
288 1011
289 1014
290 1031
291 1009
292 1012
293 1010
294 1020
295 1017
296 1016
297 1022
298 1013
299 1016
300 1009
301 1009
302 1008
303 1010
304 1002
305 999
306 1008
307 992
308 1006
309 1008
310 1004
311 1001
312 1007
313 1005
314 1002
315 999
316 987
317 995
318 991
319 986
320 988
321 985
322 995
323 994
324 998
325 997
326 995
327 994
328 986
329 981
330 990
331 998
332 990
333 981
334 973
335 962
336 979
337 981
338 984
339 989
340 982
341 979
342 970
343 980
344 985
345 976
346 962
347 978
348 973
349 979
350 960
351 965
352 962
353 971
354 977
355 974
356 958
357 977
358 967
359 972
360 981
361 962
362 954
363 957
364 960
365 960
366 954
367 967
368 953
369 956
370 963
371 963
372 972
373 960
374 954
375 962
376 965
377 953
378 961
379 955
380 940
381 942
382 942
383 961
384 946
385 957
386 947
387 931
388 944
389 950
390 957
391 953
392 950
393 949
394 943
395 945
396 946
397 955
398 925
399 936
400 941
401 943
402 941
403 929
404 931
405 930
406 932
407 942
408 940
409 942
410 934
411 935
412 934
413 935
414 904
415 927
416 938
417 928
418 937
419 935
420 920
421 943
422 929
423 925
424 913
425 932
426 935
427 927
428 927
429 940
430 931
431 932
432 932
433 925
434 927
435 917
436 907
437 911
438 922
439 926
440 928
441 921
442 919
443 925
444 894
445 915
446 914
447 922
448 925
449 928
450 912
451 913
452 917
453 926
454 893
455 909
456 911
457 914
458 906
459 902
460 916
461 908
462 908
463 885
464 899
465 899
466 904
467 895
468 902
469 908
470 903
471 904
472 906
473 904
474 893
475 905
476 906
477 903
478 887
479 897
480 906
481 889
482 888
483 906
484 908
485 886
486 896
487 906
488 896
489 898
490 888
491 881
492 898
493 898
494 901
495 893
496 883
497 881
498 877
499 897
500 899
501 885
502 889
503 875
504 867
505 881
506 896
507 893
508 870
509 884
510 887
511 893
512 891
513 891
514 901
515 892
516 882
517 876
518 881
519 895
520 886
521 894
522 895
523 881
524 885
525 880
526 891
527 893
528 886
529 881
530 872
531 881
532 890
533 872
534 868
535 879
536 866
537 871
538 866
539 883
540 884
541 880
542 881
543 881
544 879
545 877
546 873
547 874
548 873
549 864
550 857
551 872
552 868
553 862
554 869
555 856
556 867
557 878
558 871
559 861
560 882
561 857
562 870
563 878
564 867
565 878
566 875
567 863
568 842
569 872
570 874
571 882
572 863
573 863
574 883
575 863
576 883
577 836
578 864
579 871
580 854
581 863
582 874
583 873
584 854
585 868
586 879
587 856
588 860
589 873
590 835
591 871
592 870
593 850
594 874
595 870
596 874
597 849
598 833
599 874
600 873
601 875
602 870
603 870
604 872
605 865
606 868
607 875
608 867
609 864
610 845
611 850
612 846
613 841
614 859
615 867
616 869
617 874
618 863
619 866
620 860
621 851
622 837
623 847
624 867
625 865
626 865
627 845
628 847
629 865
630 860
631 831
632 848
633 868
634 855
635 862
636 860
637 864
638 850
639 854
640 856
641 859
642 855
643 859
644 859
645 851
646 857
647 856
648 849
649 858
650 854
651 858
652 852
653 856
654 857
655 854
656 858
657 854
658 854
659 852
660 839
661 847
662 849
663 849
664 860
665 859
666 858
667 851
668 851
669 850
670 845
671 856
672 849
673 844
674 857
675 839
676 853
677 846
678 846
679 847
680 843
681 844
682 842
683 842
684 847
685 838
686 846
687 849
688 847
689 852
690 838
691 843
692 845
693 837
694 848
695 840
696 839
697 844
698 847
699 847
700 840
701 835
702 839
703 838
704 838
705 841
706 846
707 808
708 835
709 845
710 828
711 817
712 833
713 834
714 841
715 821
716 828
717 835
718 834
719 828
720 834
721 834
722 833
723 838
724 833
725 836
726 836
727 833
728 826
729 833
730 834
731 830
732 838
733 834
734 836
735 830
736 828
737 832
738 831
739 832
740 835
741 828
742 825
743 825
744 825
745 836
746 834
747 831
748 833
749 824
750 833
751 832
752 825
753 839
754 827
755 826
756 821
757 825
758 831
759 829
760 831
761 825
762 835
763 831
764 829
765 820
766 833
767 836
768 831
769 833
770 825
771 831
772 833
773 827
774 835
775 827
776 829
777 831
778 835
779 832
780 826
781 829
782 833
783 829
784 828
785 829
786 829
787 825
788 835
789 825
790 825
791 819
792 823
793 822
794 826
795 833
796 831
797 822
798 827
799 826
800 833
801 830
802 820
803 828
804 823
805 822
806 823
807 827
808 819
809 827
810 827
811 817
812 825
813 825
814 823
815 824
816 824
817 826
818 819
819 825
820 826
821 819
822 822
823 825
824 829
825 823
826 820
827 824
828 821
829 824
830 824
831 824
832 821
833 821
834 820
835 821
836 818
837 816
838 824
839 817
840 814
841 823
842 821
843 821
844 815
845 816
846 820
847 817
848 814
849 822
850 819
851 819
852 822
853 817
854 819
855 813
856 815
857 815
858 816
859 820
860 815
861 818
862 817
863 815
864 814
865 814
866 812
867 816
868 814
869 820
870 815
871 813
872 816
873 816
874 815
875 816
876 811
877 814
878 815
879 812
880 815
881 816
882 813
883 812
884 808
885 815
886 814
887 816
888 813
889 813
890 812
891 811
892 813
893 809
894 806
895 812
896 813
897 813
898 810
899 811
900 813
901 810
902 810
903 813
904 810
905 806
906 810
907 812
908 805
909 809
910 809
911 808
912 807
913 805
914 810
915 807
916 806
917 805
918 803
919 807
920 808
921 808
922 802
923 803
924 804
925 807
926 807
927 802
928 803
929 799
930 801
931 805
932 804
933 806
934 806
935 807
936 804
937 799
938 804
939 803
940 804
941 804
942 803
943 805
944 806
945 805
946 803
947 801
948 796
949 799
950 797
951 798
952 789
953 793
954 800
955 801
956 803
957 800
958 800
959 801
960 802
961 803
962 801
963 795
964 798
965 795
966 797
967 794
968 795
969 794
970 800
971 801
972 796
973 794
974 801
975 800
976 798
977 793
978 795
979 799
980 794
981 792
982 797
983 792
984 794
985 785
986 794
987 793
988 797
989 791
990 794
991 790
992 793
993 787
994 791
995 793
996 790
997 791
998 796
999 792
1000 794
1001 795
1002 791
1003 794
1004 796
1005 787
1006 790
1007 790
1008 795
1009 792
1010 792
1011 792
1012 787
1013 785
1014 789
1015 792
1016 788
1017 793
1018 788
1019 787
1020 783
1021 784
1022 790
1023 790
1024 786
1025 787
1026 787
1027 783
