0 76.2
132 74
259 71.2
387 69.9
515 68
642 66.3
773 64.7
901 63.2
1029 61.8
1155 60.3
1282 59.1
1409 57.8
1536 56.7
1665 55.5
1791 54.3
1920 53.4
2049 52.4
2176 51.5
2302 50.5
2429 49.8
2556 48.9
2688 48.1
2817 47.9
2947 47.7
3077 45.7
3202 45
3329 44.3
3459 43.7
3584 43.1
3711 42.4
3838 41.9
4008 41.1
4147 40.5
4273 40.1
4399 39.5
4528 39.1
4662 38.6
4788 38.1
4915 37.8
5041 37.3
5169 36.9
5303 36.3
5430 36
5559 35.6
5686 35.2
5814 34.9
5947 34.5
6078 34.2
6208 33.9
6333 33.5
6458 33.3
6588 33
6714 32.7
6840 32.4
6966 32.2
7092 31.9
7220 31.6
7350 31.3
7474 31.1
7600 30.9
7726 30.6
7853 30.4
7977 30.2
8109 30
8241 29.8
8366 29.5
8492 29.3
8619 29.1
8745 28.9
8871 28.7
8997 28.5
9122 28.3
9453 27.9
9580 27.8
9707 27.6
9834 27.4
9959 27.3
10084 27.1
10210 27
10336 26.9
10463 26.7
10589 26.5
10715 26.3
10846 26.2
10972 26.1
11098 26
11227 25.8
11354 25.7
11482 25.5
11609 25.4
11735 25.3
11861 25.2
11987 25.1
12114 25
12256 24.9
12383 24.8
12510 24.7
12637 24.5
12782 24.5
12909 24.3
13036 24.2
13162 24.1
13290 24.1
13419 24
